0 1 0 -0 3
0.01 0.998750260394966 0.0299955002024957 -0.249895846353392 2.99865010124696
0.02 0.995004165278026 0.0599640064794446 -0.499167083234141 2.99460161980561
0.03 0.988771077936042 0.089878549198011 -0.747190662367996 2.98785819903598
0.04 0.980066577841242 0.119712207288919 -0.993346653975306 2.9784259075616
0.05 0.968912421710645 0.149438132473599 -1.23701979627261 2.96631323380813
0.06 0.955336489125606 0.179029573425824 -1.4776010333067 2.95153107836436
0.07 0.939372712847379 0.2084598998461 -1.71448903727726 2.93409274417244
0.08 0.921060994002885 0.237702626427135 -1.94709171154325 2.91401392455609
0.09 0.900447102352677 0.266731436688831 -2.17482767055615 2.89131268909767
0.1 0.877582561890373 0.29552020666134 -2.39712769302101 2.86600946737682
0.11 0.852524522059506 0.324043028394868 -2.6134361446533 2.83812703058516
0.12 0.825335614909678 0.35227423327509 -2.82321236697518 2.8076904710338
0.13 0.796083798549056 0.380188415123161 -3.0259320286802 2.77472717957194
0.14 0.764842187284488 0.40776045305957 -3.22108843618846 2.73926682093692
0.15 0.731688868873821 0.43496553411123 -3.40819380011667 2.70134130705803
0.16 0.696706709347165 0.461779175541483 -3.58678045449761 2.66098476833785
0.17 0.659983145884982 0.488177246882907 -3.75640202570146 2.61823352293725
0.18 0.621609968270664 0.514135991653113 -3.91663454813742 2.57312604409147
0.19 0.581683089463883 0.539632048733969 -4.06707752394687 2.52570292548681
0.2 0.54030230586814 0.564642473395035 -4.20735492403948 2.47600684472903
0.21 0.497571047891727 0.58914475794227 -4.33711612797009 2.42408252493646
0.22 0.453596121425577 0.613116851973434 -4.45603680030718 2.36997669449209
0.23 0.408487440884157 0.636537182221968 -4.56381970130261 2.31373804499132
0.24 0.362357754476673 0.659384671971473 -4.66019542983613 2.25541718742268
0.25 0.315322362395268 0.681638760023334 -4.74492309677793 2.19506660662146
0.26 0.267498828624587 0.70327941920041 -4.81779092708597 2.13274061403683
0.27 0.219006687093041 0.724287174370143 -4.8786167891333 2.06849529885524
0.28 0.169967142900241 0.74464311997086 -4.9272486499423 2.00238847752392
0.29 0.120502769367366 0.764328937025505 -4.96356495518794 1.93447964172
0.3 0.0707372016677025 0.783326909627484 -4.98747493302027 1.86482990481199
0.31 0.020794827803092 0.801619940883777 -4.99891882094678 1.79350194686189
0.32 -0.0291995223012893 0.819191568300998 -4.99786801520753 1.72055995821737
0.33 -0.0791208888067345 0.836025978600521 -4.98432514226959 1.64606958174476
0.34 -0.128844494295525 0.852108021949363 -4.95832405226234 1.57009785375495
0.35 -0.178246055649493 0.867423225594017 -4.91992973436968 1.49271314367518
0.36 -0.227202094693088 0.881957806884948 -4.86923815439097 1.41398509252122
0.37 -0.275590246824514 0.895698685680048 -4.8063760148765 1.33398455022512
0.38 -0.323289566863504 0.908633496115884 -4.73150043843707 1.25278351187507
0.39 -0.370180831351288 0.920750597736136 -4.64479857501934 1.17045505292469
0.4 -0.416146836547143 0.932039085967227 -4.54648713412841 1.08707326343002
0.41 -0.461072691376714 0.942488801931698 -4.43681184316687 1.00271318137351
0.42 -0.504846104599858 0.952090341590516 -4.31604683324437 0.917450725134866
0.43 -0.547357665480272 0.960835064206073 -4.18449395399248 0.831362625169671
0.44 -0.588501117255347 0.968715100118265 -4.04248201909795 0.744526354957117
0.45 -0.62817362272274 0.975723357826659 -3.8903659844396 0.657020061279123
0.46 -0.666276021279825 0.98185353037236 -3.7285260608836 0.568922493893501
0.47 -0.702713076773555 0.98710010101385 -3.55736676395422 0.480312934664491
0.48 -0.737393715541246 0.991458348191687 -3.37731590275575 0.391271126214434
0.49 -0.770231254047308 0.994924349777581 -3.18882351067251 0.301877200160793
0.5 -0.801143615546934 0.997494986604054 -2.99236072051978 0.212211605003107
0.51 -0.830053535235223 0.999167945271476 -2.78841858695708 0.122355033724771
0.52 -0.856888753368948 0.999941720229966 -2.57750685910732 0.0323883511748002
0.53 -0.881582195878286 0.999815615134291 -2.36015270644941 -0.0576074787050799
0.54 -0.904072142017062 0.998789743470524 -2.13689940116914 -0.147551465742514
0.55 -0.924302378632464 0.996865028453919 -1.90830496026165 -0.237362666420204
0.56 -0.942222340668659 0.994043202198076 -1.67494075077952 -0.326960256719616
0.57 -0.957787237553091 0.990326804156158 -1.43739006171272 -0.416263604857135
0.58 -0.970958165149591 0.985719178835553 -1.19624664606991 -0.505192343847234
0.59 -0.981702202998454 0.980224472788045 -0.952113236805129 -0.59366644382733
0.6 -0.989992496600446 0.973847630878195 -0.705600040299327 -0.681606284079264
0.61 -0.995808324539061 0.966594391833297 -0.457323211162177 -0.768932724682571
0.62 -0.999135150273279 0.958471283078914 -0.207903312166446 -0.855567177735065
0.63 -0.999964658471342 0.94948561486463 0.042036236835752 -0.94143167807665
0.64 -0.998294775794753 0.939645473685325 0.291870717137909 -1.0264489534527
0.65 -0.994129676080546 0.928959715003869 0.540975672650551 -1.11054249405386
0.66 -0.987479769908865 0.917437955281809 0.78872847071625 -1.19363662136975
0.67 -0.978361678581934 0.9050905633252 1.03450985836701 -1.27565655629446
0.68 -0.96679819257946 0.891928650953379 1.27770551013417 -1.35652848642274
0.69 -0.952818214594304 0.877964062999077 1.51770756354216 -1.43617963247616
0.7 -0.936456687290796 0.863209366648873 1.75391613844811 -1.51453831379958
0.71 -0.917754505966275 0.847677840133569 1.98574083642981 -1.59153401286884
0.72 -0.896758416334146 0.831383460778683 2.21260221647427 -1.66709743875184
0.73 -0.873520897683937 0.814340892425795 2.43393324327851 -1.74116058946567
0.74 -0.848100031710407 0.796565472236086 2.64918070454247 -1.81365681317379
0.75 -0.820559357339559 0.77807319688792 2.85780659371173 -1.88452086816822
0.76 -0.790967711914415 0.758880708180921 3.05928945471361 -1.95368898158264
0.77 -0.759399059137506 0.73900527805947 3.25312568532584 -2.02109890678369
0.78 -0.725932304200139 0.718464793069125 3.43883079591988 -2.08668997938871
0.79 -0.690651096560506 0.697277738259937 3.61594062043257 -2.15040317185963
0.8 -0.65364362086361 0.67546318055115 3.78401247653965 -2.21218114662374
0.81 -0.615002376525572 0.653040751572264 3.94262627213098 -2.27196830767363
0.820000000000001 -0.574823946533267 0.630030629995891 4.09138555532206 -2.32971085059988
0.830000000000001 -0.533208756037153 0.606453523378314 4.22991850537724 -2.38535681101136
0.840000000000001 -0.490260821340697 0.582330649524081 4.35787886206795 -2.43885611129967
0.850000000000001 -0.44608748991379 0.557683717391416 4.47494679114292 -2.49016060570567
0.860000000000001 -0.400799172079973 0.53253490755562 4.58082968374728 -2.53922412364733
0.870000000000001 -0.354509065048129 0.506906852248052 4.67526288779225 -2.58600251127019
0.880000000000001 -0.307332869978417 0.480822614988647 4.75801036944758 -2.63045367118285
0.890000000000001 -0.259388502789624 0.454305669830305 4.8288653031032 -2.67253760034173
0.900000000000001 -0.210795799430777 0.427379880233828 4.88765058832549 -2.71221642605119
0.910000000000001 -0.161676216353684 0.400069477592418 4.93421929251619 -2.74945444004631
0.920000000000001 -0.112152526935051 0.372399039425054 4.96845501816732 -2.784218130628
0.930000000000001 -0.062348514606989 0.344393467258388 4.9902721937944 -2.81647621282121
0.940000000000001 -0.0123886634628879 0.316077964217052 4.9996162878205 -2.84619965652932
0.950000000000001 0.0376021528879801 0.287478012342543 4.99646394487689 -2.87336171265927
0.960000000000001 0.0874989834394499 0.258619349661109 4.9808230441792 -2.89793793719393
0.970000000000001 0.137177112100911 0.229527947021262 4.95273267983356 -2.91990621319005
0.980000000000001 0.186512369422578 0.200229984721768 4.91226306312166 -2.93924677068205
0.990000000000001 0.235381442954454 0.170751828951144 4.8595153470091 -2.95594220447365
1 0.28366218546323 0.141120008059865 4.79462137331569 -2.96997748980134
1.01 0.331233920236757 0.111361188686648 4.71774334317953 -2.98133999585567
1.02 0.377977742712984 0.0815021517602669 4.62907341163866 -2.99001949714814
1.03 0.423776817679431 0.0515697683985324 4.52883320734352 -2.99600818271344
1.04 0.46851667130038 0.0215909757260942 4.41727327860076 -2.99930066313879
1.05 0.512085477241844 -0.00840724736715084 4.29467246713295 -2.99989397541403
1.06 0.554374336179164 -0.0383979045052376 4.1613372111195 -2.99778758559816
1.07 0.595277547988609 -0.06835400612105 4.01760077926077 -2.99298338929985
1.08 0.634692875942637 -0.0982485937451105 3.86382243777992 -2.98548570997149
1.09 0.672521802248469 -0.128054764266382 3.70038655244446 -2.97530129501839
1.1 0.708669774291263 -0.157745694143251 3.52770162785195 -2.96243930972659
1.11 0.743046440966413 -0.187294663542905 3.34619928638129 -2.94691132901469
1.12 0.775565878510252 -0.216675080387382 3.15633318936159 -2.92873132701723
1.13 0.806146805264718 -0.245860504284639 2.95857790315503 -2.90791566450888
1.14 0.834712784839162 -0.274824670323127 2.75342771298817 -2.88448307418089
1.15 0.861192417161523 -0.303541512708431 2.54139538749628 -2.85845464378291
1.16 0.885519516941321 -0.331985188220736 2.32301089706877 -2.82985379714543
1.17 0.907633279098415 -0.360130099471971 2.09882008919928 -2.79870627309991
1.18 0.927478430744037 -0.387950917941733 1.86938332415116 -2.76504010231561
1.19 0.945005369334229 -0.415422606771248 1.63527407434868 -2.72888558207383
1.2 0.960170286650367 -0.442520443294854 1.39707749099461 -2.69027524900244
1.21 0.972935278296898 -0.469220041288729 1.15538894149694 -2.64924384979507
1.22 0.983268438442585 -0.495497372916847 0.910812521360458 -2.60582830994149
1.23 0.991143939568469 -0.521328790354409 0.663959544262566 -2.56006770049709
1.24 0.996542097023218 -0.546691047069289 0.41544701408746 -2.51200320292164
1.25 0.9994494182245 -0.571561318742346 0.165896082737762 -2.46167807201868
1.26 0.999858636383415 -0.595917223807766 -0.0840695024217708 -2.40913759700919
1.27 0.997768728667684 -0.619736843594965 -0.333824957607804 -2.3544290607743
1.28 0.993184918758192 -0.642998742053911 -0.58274602425249 -2.29760169730391
1.29 0.986118663792512 -0.665681985046121 -0.830210529324808 -2.2387066473894
1.3 0.976587625728022 -0.687766159183976 -1.0755999404391 -2.17779691260041
1.31 0.964615627196217 -0.709231390201388 -1.31830091186391 -2.11492730758697
1.32 0.950232591958528 -0.730058360839301 -1.55770681756691 -2.05015441075
1.33 0.93347447011251 -0.750228328229921 -1.79321926746402 -1.98353651332463
1.34 0.914383148235318 -0.769723140764026 -2.02424960308301 -1.91513356692197
1.35 0.893006344689074 -0.788525254426197 -2.25022036890311 -1.84500712957672
1.36 0.869397490349823 -0.806617748583242 -2.47056675569306 -1.77322031034909
1.37 0.843615595058157 -0.823984341211627 -2.68473801224008 -1.69983771253092
1.38 0.815725100125354 -0.840609403550196 -2.89219882194102 -1.62492537550709
1.39 0.785795717263658 -0.856477974165003 -3.09243064081514 -1.54855071532447
1.4 0.753902254343301 -0.871575772413589 -3.28493299359397 -1.47078246402209
1.41 0.72012442841179 -0.885889211296604 -3.46922472464884 -1.39169060777693
1.42 0.684546666442803 -0.899405409685179 -3.6448452006294 -1.31134632392107
1.43 0.64725789431272 -0.912112203913081 -3.81135546180707 -1.22982191688691
1.44 0.60835131453225 -0.923998158723189 -3.96833931924578 -1.14719075313803
1.45 0.56792417328869 -0.93505257755845 -4.11540439505754 -1.06352719514439
1.46 0.526077517381101 -0.945265512188065 -4.25218310314284 -0.978906534461041
1.47 0.482915941655933 -0.954627771660217 -4.37833356796442 -0.893404923970889
1.48 0.438547327574386 -0.963130930573317 -4.49354047905815 -0.807099309352189
1.49 0.393082573564936 -0.970767336658289 -4.59751587914486 -0.720067359832639
1.5 0.346635317835021 -0.977530117665098 -4.6899998838737 -0.632387398292329
1.51 0.299321654334701 -0.983413187547311 -4.77076133139758 -0.544138330778426
1.52 0.25125984258225 -0.988411251939131 -4.83959836015744 -0.455399575495056
1.53 0.202570012076939 -0.992519812919964 -4.89633891343101 -0.36625099133229
1.54 0.153373862037859 -0.995735173062246 -4.94084116938501 -0.276772805998524
1.55 0.103794357219248 -0.99805443875888 -4.97299389555588 -0.187045543820964
1.56 0.0539554205626435 -0.999475522827284 -4.99271672687303 -0.0971499532791635
1.57 0.00398162345407352 -0.999997146387718 -4.99996036652959 -0.00716693433683396
1.58 -0.0460021256395423 -0.999618840014185 -4.99470670919886 0.0828225343626452
1.59 -0.095870893376504 -0.998340944156887 -4.9769688862881 0.172737468371549
1.6 -0.145500033808619 -0.99616460883584 -4.9467912331169 0.26249695031835
1.61 -0.194765499931167 -0.993091792605935 -4.90424917810199 0.352020202727877
1.62 -0.243544153735798 -0.989125260794369 -4.84944905422542 0.4412266607156
1.63 -0.291714073991432 -0.984268583012041 -4.78252783325754 0.530036044490585
1.64 -0.339154860983841 -0.978526129941138 -4.70365278339885 0.618368431601885
1.65 -0.385747937452228 -0.97190306940182 -4.61302105119669 0.706144328863364
1.66 -0.431376844970626 -0.96440536170153 -4.51085916878146 0.793284743892178
1.67 -0.475927535033316 -0.956039754271117 -4.39742248765431 0.8797112561966
1.68 -0.51928865411669 -0.946813775592608 -4.27299454044139 0.965346087749176
1.69 -0.561351822005077 -0.936735728424078 -4.1378863322099 1.05011217298168
1.7 -0.602011902684829 -0.925814682327731 -3.99243556311743 1.13393322813895
1.71 -0.641167267129606 -0.914060465507905 -3.83700578433742 1.21673381992909
1.72 -0.678720047320018 -0.901483655966353 -3.67198548937054 1.29843943340837
1.73 -0.714576380862696 -0.888095571982753 -3.49778714301332 1.3789765390396
1.74 -0.748646645597403 -0.87390826192902 -3.31484615041089 1.45827265886383
1.75 -0.780845683605754 -0.85893449342659 -3.12361976877093 1.53625643172553
1.76 -0.811093014061659 -0.843187741856415 -2.92458596445879 1.61285767749288
1.77 -0.839313034391488 -0.826682178232034 -2.71824221833041 1.68800746021511
1.78 -0.865435209241116 -0.809432656446617 -2.50510428228939 1.76163815016023
1.79 -0.889394246777585 -0.791454699905463 -2.28570489017575 1.83368348467722
1.8 -0.91113026188468 -0.772764487555985 -2.06059242620875 1.90407862782791
1.81 -0.930588925844531 -0.753378839327744 -1.83032955431202 1.97276022873502
1.82 -0.947721602131114 -0.733315200995654 -1.59549181174673 2.03966647859358
1.83 -0.962485467976239 -0.712591628479959 -1.35666617056813 2.10473716629477
1.84 -0.974843621404165 -0.691226771597124 -1.1144495705012 2.16791373261178
1.85 -0.984765173467325 -0.669239857276259 -0.869447426902133 2.22913932289924
1.86 -0.992225325452604 -0.64665067225618 -0.622272117535273 2.28835883825847
1.87 -0.997205430865212 -0.623479545278682 -0.373541451947638 2.34551898512286
1.88 -0.999693042035207 -0.59974732879404 -0.123877127266753 2.40056832321843
1.89 -0.999681941230185 -0.575475380195213 0.126096825718329 2.45345731185659
1.9 -0.997172156196378 -0.550685542597634 0.375755602309082 2.50413835451749
1.91 -0.9921699600893 -0.525400125181876 0.624475185583797 2.55256584168358
1.92 -0.984687855794126 -0.499641883116899 0.871633906114933 2.59869619188519
1.93 -0.974744544674988 -0.473433997081931 1.11661399581895 2.64248789092083
1.94 -0.962364879831308 -0.446800052405426 1.35880313205476 2.68390152921723
1.95 -0.947579803977991 -0.419764017839855 1.5975959681114 2.72289983729525
1.96 -0.930426272104751 -0.39235022399145 1.83239564625968 2.75944771930992
1.97 -0.910947159107884 -0.364583341424297 2.0626152895855 2.79351228463435
1.98 -0.889191152625358 -0.3364883584585 2.28767946887664 2.82506287745904
1.99 -0.865212631343068 -0.308090558682374 2.50702564089603 2.85407110438003
2 -0.839071529076449 -0.279415498198922 2.72010555444688 2.8805108599511
2.01 -0.810833184967144 -0.250488982627072 2.9263866207152 2.90435835017687
2.02 -0.78056818016918 -0.221337043878357 3.12535324446443 2.92559211392578
2.03 -0.748352161432844 -0.191985916729953 3.316508112755 2.9441930422437
2.04 -0.714265652027198 -0.162462015215153 3.49937343796772 2.96014439555068
2.05 -0.678393850473844 -0.132791908852517 3.67349215202398 2.97343181870541
2.06 -0.640826417594993 -0.103002298735098 3.83842904881791 2.98404335392393
2.07 -0.601657252408102 -0.073119993501264 3.993771872005 2.9919694515408
2.08 -0.56098425742723 -0.0431718852087305 4.13913234542826 2.99720297860317
2.09 -0.518909093957744 -0.0131849251335239 4.27414714360641 2.99973922528993
2.1 -0.475536927995996 0.016813900484347 4.39847879985834 2.99957590915025
2.11 -0.430976167369102 0.0467975947266863 4.51181654979411 2.99671317715763
2.12 -0.385338190771835 0.0767391742925145 4.61387710806402 2.99115360557764
2.13 -0.338737069377888 0.106611693781218 4.70440537642453 2.98290219764945
2.14 -0.291289281721352 0.136388269941592 4.78317508135093 2.97196637908322
2.15 -0.243113422561039 0.166042105864951 4.84998933960338 2.95835599137754
2.16 -0.194329906455345 0.195546515100537 4.90468115033245 2.94208328296266
2.17 -0.145060666788572 0.224874945671527 4.94711381249425 2.92316289817777
2.18 -0.095428851000963 0.254001003970015 4.97718126653188 2.9016118640921
2.19 -0.0455585127842361 0.282898478509484 4.99480835946908 2.87744957518167
2.2 0.00442569798803658 0.311541363513369 4.99995103275352 2.8506977758756
2.21 0.0543988468201981 0.339903882318503 4.99259643238023 2.82138054098756
2.22 0.104236026865681 0.367960510572375 4.97276294101995 2.78952425405012
2.23 0.153812671129073 0.39568599920332 4.940500132072 2.75515758357126
2.24 0.203004863818733 0.423055397142986 4.8958886457566 2.71831145723475
2.25 0.251689650071735 0.450044073780607 4.83903998755633 2.67901903406725
2.26 0.299745343276995 0.476627741128888 4.77009624951048 2.63731567459744
2.27 0.347051829228418 0.50278247568156 4.68922975505895 2.59323890903397
2.28 0.39349086634787 0.528484739942919 4.59664262832342 2.54682840349074
2.29 0.438946381227533 0.553711403609978 4.49256628890229 2.49812592429013
2.29999999999999 0.483304758752984 0.578439764388187 4.3772608734422 2.4471753003761
2.30999999999999 0.526455126081805 0.60264756842196 4.2510145854319 2.39402238387111
2.31999999999999 0.568289629767952 0.626313030321643 4.11414297484362 2.33871500881229
2.32999999999999 0.608703705339196 0.649414852768898 3.96698814942247 2.28130294810408
2.33999999999999 0.647596338653854 0.671932245682848 3.80991791959526 2.2218378687259
2.34999999999999 0.684870318383531 0.69384494492975 3.64332487913595 2.16037328523542
2.35999999999999 0.720432478990817 0.715133230559344 3.46762542388573 2.09696451160905
2.36999999999999 0.754193933594607 0.73577794455148 3.2832587109802 2.0316686114631
2.37999999999999 0.786070296141019 0.75576050805704 3.0906855611853 1.96454434670034
2.38999999999999 0.815981892324574 0.775062938117653 2.89038730708536 1.89565212462832
2.39999999999999 0.843853958732473 0.79366786384914 2.68286459000232 1.82505394359682
2.40999999999999 0.869616829714187 0.811558542074135 2.46863610865315 1.75281333720352
2.41999999999999 0.893206111509306 0.828718872389822 2.24823732267317 1.67899531711809
2.42999999999999 0.914562843198402 0.845133411657204 2.02221911424588 1.60366631457604
2.43999999999999 0.933633644074623 0.860787387898889 1.79114641118433 1.52689412059509
2.44999999999999 0.950370847067661 0.87566671359287 1.55559677490583 1.44874782496788
2.45999999999999 0.964732617886599 0.889757998350348 1.31615895682921 1.36929775408574
2.46999999999999 0.976683059583855 0.903048560966173 1.07343142680285 1.28861540764974
2.47999999999999 0.986192302278856 0.915526440831079 0.828020877241766 1.20677339432579
2.48999999999999 0.993236577817183 0.927180408695417 0.580540706712513 1.12384536640171
2.49999999999999 0.997798279178578 0.937999976774729 0.331609486756234 1.03990595350516
2.50999999999999 0.999866004485324 0.947975408188043 0.0818494157819466 0.955030695441993
2.51999999999999 0.999434585501006 0.957097725720409 -0.168115236105444 0.869295974215569
2.52999999999999 0.996505100548407 0.965358719901784 -0.417659687455293 0.782778945288069
2.53999999999999 0.99108487181426 0.972750956395007 -0.666160207099465 0.695557468145803
2.54999999999999 0.983187447047601 0.979267782686194 -0.912995673155417 0.607710036230927
2.55999999999999 0.972832565697448 0.984903334071555 -1.15754912550744 0.51931570630264
2.56999999999999 0.960046109574457 0.989652538935233 -1.39920930788562 0.430454027291439
2.57999999999999 0.944860038159879 0.993511123313412 -1.63737219568821 0.341204968710451
2.58999999999999 0.927312308723496 0.996475614740598 -1.87144250572853 0.251648848688268
2.59999999999999 0.90744678145022 0.998543345374603 -2.10083518413295 0.161866261688053
2.60999999999999 0.885313109812466 0.999712454397425 -2.32497686867085 0.071938005977964
2.61999999999999 0.860966616462336 0.999981889689856 -2.54330732186162 -0.0180549890818355
2.62999999999999 0.834468154953797 0.999351408778318 -2.75528083127658 -0.108031735870137
2.63999999999999 0.805883957640486 0.997821579053077 -2.96036757353587 -0.197911261388078
2.64999999999999 0.775285470129327 0.995393777257624 -3.15805493859095 -0.287612680129379
2.65999999999999 0.742749172703712 0.992070188249703 -3.34784881098277 -0.377055266871838
2.66999999999999 0.70835638916263 0.987853803035086 -3.5292748048731 -0.466158529324579
2.67999999999999 0.672193083553517 0.982748416075869 -3.70187944976202 -0.554842280565684
2.68999999999999 0.634349645306911 0.976758621875712 -3.86523132392809 -0.643026711205011
2.69999999999999 0.594920663309946 0.969889810845096 -4.0189221327579 -0.730632461207255
2.70999999999999 0.554004689483399 0.962148164450318 -4.16256772927001 -0.817580691310623
2.71999999999999 0.511703992453209 0.953540649650587 -4.2958090742823 -0.903793153976853
2.72999999999999 0.468124301932173 0.944075012628234 -4.41831313382301 -0.989192263808711
2.73999999999999 0.42337454445073 0.933759771817667 -4.52977371154216 -1.07370116737162
2.74999999999999 0.377566571097361 0.922604210239357 -4.629912214043 -1.15724381235654
2.75999999999999 0.330814877949117 0.910618367145749 -4.7184783472204 -1.23974501602196
2.76999999999998 0.283236319891059 0.897813028986605 -4.79525074186577 -1.32113053285324
2.77999999999998 0.234949818539897 0.884199719701934 -4.86003750697479 -1.40132712137858
2.78999999999998 0.186076065001886 0.869790690351223 -4.91267670937498 -1.48026261008143
2.79999999999998 0.136737218207911 0.854598908088305 -4.9530367784743 -1.55786596234993
2.80999999999998 0.0870565995797831 0.838638044491804 -4.98101683511912 -1.63406734040512
2.81999999999998 0.0371583847909063 0.821922463261631 -4.99654694373957 -1.70879816815018
2.82999999999998 -0.0128327066082351 0.804467207292623 -4.99958828715202 -1.78199119288432
2.83999999999998 -0.0627917229240002 0.78628798513696 -4.99013326358183 -1.85358054582566
2.84999999999998 -0.112593792633753 0.76740115686752 -4.96820550566386 -1.92350180138869
2.85999999999998 -0.162114436499634 0.747823719354924 -4.93385982137314 -1.99169203516294
2.86999999999998 -0.211229878701833 0.727573290971495 -4.8871820570335 -2.05808988054073
2.87999999999998 -0.259817356213672 0.706668095735916 -4.8282888827465 -2.12263558394294
2.88999999999998 -0.30775542564524 0.685126946912839 -4.75732750077687 -2.18527105859319
2.89999999999998 -0.354924266788622 0.662969230082223 -4.67447527762357 -2.24593993679209
2.90999999999998 -0.401205982106018 0.640214885693614 -4.57993930069588 -2.30458762064427
2.91999999999998 -0.446484891412185 0.616884391121088 -4.47395586070272 -2.36116133119287
2.92999999999998 -0.490647821014658 0.592998742235001 -4.35678986104898 -2.415610155917
2.93999999999998 -0.53358438658904 0.568579434507116 -4.22873415571492 -2.4678850945496
2.94999999999998 -0.575187269082326 0.543648443666136 -4.09010881727374 -2.51793910317436
2.95999999999998 -0.615352482954645 0.518228205921025 -3.94126033687688 -2.56572713656205
2.96999999999998 -0.653979636088956 0.49234159776994 -3.78256075820652 -2.61120618870821
2.97999999999998 -0.690972180719055 0.466011915412923 -3.61440674756022 -2.65433533153568
2.98999999999998 -0.726237654748712 0.439262853786895 -3.43721860239166 -2.69507575172702
2.99999999999998 -0.759687912858757 0.412118485241812 -3.25143920078596 -2.73339078565396
3.00999999999998 -0.791239346824471 0.384603237877174 -3.0575328944951 -2.76924595237215
3.01999999999998 -0.82081309449261 0.356741873558387 -2.85598434830036 -2.80260898465171
3.02999999999998 -0.848335236895714 0.328559465632751 -2.64729732860276 -2.83344985801551
3.03999999999998 -0.87373698301103 0.300081376365144 -2.43199344426945 -2.86174081775922
3.04999999999998 -0.896954841702242 0.271333234113694 -2.21061084288317 -2.88745640392866
3.05999999999998 -0.917930780414251 0.242340910265986 -1.98370286565355 -2.91057347423203
3.06999999999998 -0.936612370224333 0.213130495956559 -1.75183666435228 -2.9310712248664
3.07999999999998 -0.952952916887147 0.183728278586648 -1.51559178372903 -2.94893120923976
3.08999999999998 -0.966911577546029 0.154160718167295 -1.2755587129514 -2.9641373545717
3.09999999999998 -0.978453462818861 0.124454423507129 -1.03233740968952 -2.97667597635779
3.10999999999998 -0.987549724003359 0.0946361282662272 -0.786535800534354 -2.98653579068475
3.11999999999998 -0.994177625183803 0.0647326668976333 -0.538768261497777 -2.99370792438522
3.12999999999998 -0.998320600058986 0.0347709504981553 -0.289654082392542 -2.99818592302297
3.13999999999998 -0.999968293349339 0.00477794259019779 -0.0398159189302551 -2.99996575670147
3.14999999999998 -0.999116586679739 -0.0252193651435895 0.210121763593627 -2.99904582369056
3.15999999999998 -0.995767608873299 -0.0551939771510036 0.459534251137824 -2.99542695186785
3.16999999999998 -0.989929730630422 -0.0851189183044635 0.707798142374989 -2.9891123979737
3.17999999999998 -0.981617543606407 -0.114967258176804 0.954292906870363 -2.98010784468042
3.18999999999998 -0.97085182393991 -0.144712135276842 1.1984024360847 -2.96842139547817
3.19999999999998 -0.957659480323419 -0.174326781222908 1.43951658332475 -2.95406356738242
3.20999999999998 -0.942073486745537 -0.203784544832577 1.67703268879222 -2.93704728146934
3.21999999999998 -0.924132800073177 -0.233058916106942 1.91035708591947 -2.91738785124767
3.22999999999998 -0.903882262679694 -0.262123550087815 2.13890658522664 -2.89510296887766
3.23999999999997 -0.881372490362293 -0.290952290566418 2.36210993199178 -2.87021268924925
3.24999999999997 -0.856659745828908 -0.319519193622201 2.57940923409 -2.84273941193405
3.25999999999997 -0.82980579807072 -0.347798550970623 2.79026135643337 -2.81270786102727
3.26999999999997 -0.800877767971863 -0.37576491309887 2.99413927852566 -2.78014506289765
3.27999999999997 -0.769947960542153 -0.403393112168698 3.19053341173924 -2.74508032186559
3.28999999999997 -0.737093684192237 -0.430658284665793 3.37895287302115 -2.7075451938312
3.29999999999997 -0.702397057502807 -0.45753589377525 3.55892671184515 -2.66757345787619
3.30999999999997 -0.665944803970939 -0.484001751463056 3.73000508734274 -2.6252010858649
3.31999999999997 -0.627828035246491 -0.510032040243684 3.89176039267107 -2.58046621007208
3.32999999999997 -0.58814202340045 -0.535603334614222 4.04378832380735 -2.53340908886645
3.33999999999997 -0.546985962794349 -0.560692622135748 4.18570889009836 -2.48407207048082
3.34999999999997 -0.504462722146048 -0.585277324142969 4.31716736403918 -2.43249955490159
3.35999999999997 -0.460678587411485 -0.609335316063495 4.4378351679072 -2.37873795391174
3.36999999999997 -0.415742996125168 -0.632844947328464 4.54741069503533 -2.32283564932337
3.37999999999997 -0.369768263863302 -0.655785060856589 4.64562006367159 -2.26484294943731
3.38999999999997 -0.32286930351337 -0.678135012094108 4.73221780154082 -2.20481204376907
3.39999999999997 -0.275163338051734 -0.699874687593481 4.80698745939759 -2.14279695608178
3.40999999999997 -0.226769607547268 -0.720984523114145 4.86974215203654 -2.07885349576848
3.41999999999997 -0.177809071123259 -0.741445521229002 4.92032502540809 -2.01303920762738
3.42999999999997 -0.12840410462262 -0.761239268420824 4.95860964867185 -1.9454133200755
3.43999999999997 -0.0786781947319854 -0.780347951653176 4.98450033020792 -1.876036691847
3.44999999999997 -0.0287556303293363 -0.798754374400947 4.99793235679606 -1.80497175722452
3.45999999999997 0.0212388081734968 -0.81644197212606 4.99887215536507 -1.73228246985247
3.46999999999997 0.0711801607168502 -0.833394827184439 4.98731737690796 -1.65803424518312
3.47999999999997 0.120943599928326 -0.849597683150816 4.96329690235326 -1.58229390160706
3.48999999999997 0.170404743126187 -0.86503595854848 4.92687077037773 -1.50512960032118
3.49999999999997 0.21943996321131 -0.879695759971626 4.87813002734096 -1.42661078398822
3.50999999999997 0.267926697670526 -0.89356389458848 4.81719649971684 -1.34680811424301
3.51999999999997 0.315743754919095 -0.906627882013958 4.74422248959087 -1.2657934081018
3.52999999999997 0.362771617216532 -0.91887596554117 4.65939039398423 -1.18363957333178
3.53999999999997 0.408892739398737 -0.930297122721661 4.56291224895624 -1.10042054283905
3.54999999999997 0.453991842679664 -0.940881075284875 4.45502919962463 -1.01621120813391
3.55999999999997 0.497956202788277 -0.9506182983879 4.3360108974283 -0.93108735193366
3.56999999999997 0.540675931720493 -0.959500029187186 4.20615482613924 -0.845125579963176
3.57999999999997 0.582044252401992 -0.967518274724513 4.06578555830791 -0.758403252014991
3.58999999999997 0.621957765575271 -0.974665819120112 3.915253944001 -0.670998412330676
3.59999999999997 0.660316708243957 -0.980936230066472 3.75493623385892 -0.582989719366297
3.60999999999997 0.697025203028325 -0.986323864616982 3.58523313866519 -0.494456375005114
3.61999999999997 0.731991497808833 -0.990823874264199 3.40656882777811 -0.405478053281231
3.62999999999997 0.765128195058619 -0.994432209303185 3.21938986892835 -0.316134828678342
3.63999999999997 0.796352470291822 -0.997145622475957 3.02416411203209 -0.226507104068104
3.64999999999997 0.825586279081643 -0.998961671893812 2.82137951980998 -0.136675538352975
3.65999999999997 0.852756552130784 -0.999878723234853 2.61154294813438 -0.0467209738786499
3.66999999999997 0.877795377906624 -0.999895951214771 2.39517887915374 0.0432756363185944
3.67999999999997 0.900640172384694 -0.999013340329548 2.17282811036025 0.13323330136417
3.68999999999997 0.921233835476136 -0.997231684869405 1.94504640287788 0.223071065431495
3.69999999999997 0.939524893748196 -0.994552588204 1.71240309234888 0.312708080596778
3.70999999999996 0.955467629080991 -0.990978461339497 1.47547966589132 0.402063679596686
3.71999999999996 0.969022192939006 -0.986512520748828 1.23486830868397 0.49105744842344
3.72999999999996 0.980154705971675 -0.981158785477082 0.991170423811903 0.579609298691998
3.73999999999996 0.988837342694119 -0.974922073524639 0.744995129071872 0.667639539714186
3.74999999999996 0.995048401036361 -0.967807997511289 0.496957734495142 0.755068950214949
3.75999999999996 0.998772356587201 -0.959822959625259 0.247678204392742 0.841818849626143
3.76999999999996 0.999999901397162 -0.950974145861672 -0.00222039223230725 0.927811168893742
3.77999999999996 0.998727967243511 -0.941269519555639 -0.252113439033151 1.01296852073471
3.78999999999996 0.994959733299222 -0.930717814215793 -0.501376333534536 1.09721426928034
3.79999999999996 0.988704618186697 -0.91932852566472 -0.749386048313848 1.18047259904336
3.80999999999996 0.979978256436117 -0.907111903493363 -0.995522688245069 1.26266858314676
3.81999999999996 0.968802459407257 -0.894078941837078 -1.23917103991389 1.34372825075289
3.82999999999996 0.955205160772447 -0.880241369481658 -1.47972210933071 1.42357865363228
3.83999999999996 0.939220346696935 -0.865611639308215 -1.71657464409859 1.50214793181208
3.84999999999996 0.920887970891184 -0.850202917086427 -1.94913663623101 1.57936537824519
3.85999999999996 0.900253854747388 -0.834029069626237 -2.1768268018636 1.65516150244184
3.86999999999996 0.877369572809869 -0.817104652298656 -2.399076034161 1.72946809300635
3.87999999999996 0.852292323865565 -0.799444895936916 -2.61532882578766 1.80221827902275
3.88999999999996 0.82508478797686 -0.781065693129745 -2.82504465738676 1.87334659023411
3.89999999999996 0.795814969814062 -0.761983583919109 -3.02769934859723 1.94278901596136
3.90999999999996 0.764556028679156 -0.742215740915295 -3.22278636823152 2.01048306270857
3.91999999999996 0.731386095645632 -0.721779953842717 -3.40981810033995 2.07636781040288
3.92999999999996 0.696388078271512 -0.700694613530366 -3.58832706299645 2.14038396721845
3.93999999999996 0.659649453373611 -0.678978695361305 -3.75786707676009 2.2024739229351
3.94999999999996 0.621262048381074 -0.656651742196106 -3.91801437989115 2.26258180078365
3.95999999999996 0.581321811814601 -0.633733846785594 -4.06836868753494 2.32065350773117
3.96999999999996 0.539928573465141 -0.610245633688726 -4.20855419222534 2.37663678316116
3.97999999999996 0.497185794871381 -0.586208240711882 -4.33822050320783 2.43048124590447
3.98999999999996 0.453200310719802 -0.561643299886267 -4.45704352223387 2.48213843957902
3.99999999999996 0.40808206181358 -0.53657291800054 -4.56472625363772 2.53156187619728
4.00999999999996 0.361943820277853 -0.511019656706196 -4.66099954667095 2.57870707800226
4.01999999999996 0.31490090768813 -0.48500651221361 -4.74562276823915 2.62353161749454
4.02999999999996 0.267070906826412 -0.45855689459699 -4.8183844043593 2.66599515561414
4.03999999999996 0.218573367785467 -0.431694606726894 -4.87910258883465 2.70605947804297
4.04999999999996 0.169529509155865 -0.404443822849255 -4.92762555782542 2.7436885295951
4.05999999999996 0.120061915042635 -0.376829066830192 -4.96383202917941 2.77884844666401
4.06999999999996 0.0702942286688382 -0.34887519008618 -4.9876315055742 2.81150758769757
4.07999999999996 0.0203508433318961 -0.320607349219459 -4.99896450071332 2.84163656167326
4.08999999999996 -0.029643408514865 -0.292050983378788 -4.99780268801105 2.86920825454817
4.09999999999996 -0.0795635672783276 -0.263231791365926 -4.98414897139408 2.89419785365973
4.10999999999996 -0.129284858559496 -0.234175708508448 -4.95803747804323 2.91658287005549
4.11999999999996 -0.178683005024518 -0.204908883319698 -4.91953347309328 2.93634315873163
4.12999999999996 -0.227634537033292 -0.175457653966894 -4.86873319650409 2.95346093676214
4.13999999999996 -0.276017101249259 -0.145848524568558 -4.80576362251088 2.96792079930219
4.14999999999996 -0.323709766459026 -0.116108141342589 -4.73078214225471 2.97970973345152
4.15999999999996 -0.370593325837434 -0.0862632686264766 -4.64397617038662 2.98881712996511
4.16999999999996 -0.416550594902524 -0.0563407647911963 -4.54556267662859 2.99523479280084
4.17999999999996 -0.461466704415714 -0.0263675580704914 -4.43578764346226 2.99895694649533
4.18999999999996 -0.505229387495076 0.00362937767272007 -4.31492545130084 2.9999802413615
4.19999999999995 -0.547729260224078 0.0336230472210018 -4.1832781926809 2.99830375650303
4.20999999999995 -0.588860095054408 0.0635864582962722 -4.04117491718842 2.99392900064314
4.21999999999995 -0.628519086319511 0.0934926458510331 -3.88897080900618 2.98685991076682
4.22999999999995 -0.666607107195225 0.123314696335092 -3.72704629913828 2.9771028485778
4.23999999999995 -0.703028957465222 0.153025771915942 -3.55580611453072 2.96466659477348
4.24999999999995 -0.737693601471961 0.182599134630998 -3.37567826646486 2.94956234114285
4.25999999999995 -0.770514395658422 0.212008170449957 -3.18711298075208 2.93180368049468
4.26999999999995 -0.801409305131874 0.241226413225634 -2.9905815724038 2.91140659442488
4.27999999999995 -0.830301108708395 0.270227568511702 -2.78657526758928 2.88838943893414
4.28999999999995 -0.857117591925605 0.298985537225923 -2.57560397582612 2.8627729279088
4.29999999999995 -0.881791727541214 0.327474439137559 -2.35819501547201 2.83458011447972
4.30999999999995 -0.904261843066222 0.355668636157833 -2.13489179570347 2.80383637027603
4.31999999999995 -0.92447177491403 0.383542755412477 -1.90625245827582 2.77056936259236
4.32999999999995 -0.942371008780147 0.41107171207561 -1.67284848245955 2.73480902949018
4.33999999999995 -0.957914805901647 0.438230731944382 -1.43526325663978 2.69658755285554
4.34999999999995 -0.97106431488078 0.464995373734092 -1.19409062014909 2.65593932943752
4.35999999999995 -0.98178666879323 0.491341551073688 -0.949933378978392 2.61290093989354
4.36999999999995 -0.990055067338311 0.517245554181876 -0.703401799075974 2.56751111586917
4.37999999999995 -0.995848843825757 0.542684071204329 -0.455112081000442 2.51981070514232
4.38999999999995 -0.999153516831692 0.567634209192773 -0.205684819740217 2.46984263486297
4.39999999999995 -0.999960826394639 0.592073514707104 0.044256546450776 2.41765187292161
4.40999999999995 -0.998268754661132 0.615979994021962 0.294087294324023 2.36328538748124
4.41999999999995 -0.994081530929289 0.639332132919602 0.543182977119163 2.3067921047091
4.42999999999995 -0.987409621077776 0.662108916051239 0.790920985355713 2.24822286474653
4.43999999999995 -0.97826970140656 0.684289845849441 1.03668210303256 2.18763037595617
4.44999999999995 -0.966684616954838 0.705854960974557 1.27985205534545 2.12506916748807
4.45999999999995 -0.952683324400345 0.726784854278577 1.51982304405403 2.0605955402071
4.46999999999995 -0.936300819682737 0.747060690270252 1.75599526666101 1.99426751602597
4.47999999999995 -0.917578050531963 0.766664222065768 1.98777841560599 1.92614478568944
4.48999999999995 -0.896561814120269 0.785577807809707 2.21459315372696 1.85628865505666
4.49999999999995 -0.87330464009364 0.803784426551529 2.43587256230143 1.78476198993005
4.50999999999995 -0.847864659275044 0.821267693563275 2.65106355804804 1.71162915948032
4.51999999999995 -0.820305458367639 0.838011875084721 2.85962827554674 1.63695597831857
4.52999999999995 -0.790695921021138 0.854001902482695 3.06104541162221 1.56080964726754
4.53999999999995 -0.759110055658559 0.869223385811834 3.25481152833025 1.48325869288546
4.54999999999995 -0.72562681049371 0.883662626764561 3.44044231129053 1.40437290579675
4.55999999999995 -0.690329876201765 0.897306630998638 3.6174737802203 1.32422327788514
4.56999999999995 -0.653307476736163 0.910143119831196 3.78546344864347 1.24288193840583
4.57999999999995 -0.614652148814677 0.922160541288724 3.94399142987627 1.16042208907397
4.58999999999995 -0.574460510625808 0.933348080503061 4.09266148652541 1.07691793818808
4.59999999999995 -0.532833020333626 0.943695669444051 4.23110202087513 0.992444633847599
4.60999999999995 -0.489873724984679 0.953193995980088 4.35896700368802 0.907078196324661
4.61999999999995 -0.445690000444575 0.961834512258408 4.47593683909781 0.820895449650972
4.62999999999995 -0.400392283014228 0.969609442397577 4.58171916343269 0.733973952481378
4.63999999999995 -0.354093793396615 0.976511789485262 4.67604957597221 0.646391928296306
4.64999999999995 -0.30691025370399 0.982535341874979 4.75869229981135 0.558228195005914
4.65999999999995 -0.258959598212875 0.987674678776155 4.82944077118 0.469562094019289
4.66999999999994 -0.210361678589784 0.991925175132472 4.88811815574483 0.380473418842538
4.67999999999994 -0.161237964324462 0.995283005784111 4.93457779060302 0.291042343270014
4.68999999999994 -0.111711239119435 0.997745148910132 4.96870355086314 0.201349349233315
4.69999999999994 -0.0619052939946971 0.999309388747912 4.9904101398969 0.11147515437298
4.70999999999994 -0.0119446178746302 0.999974317587178 4.99964330253626 0.0215006393980561
4.71999999999994 0.0380459135694865 0.999739337036857 4.99637996068319 -0.0684932247010762
4.72999999999994 0.0879413500436118 0.998604658563584 4.98062827099279 -0.158425449521132
4.73999999999994 0.137616978941598 0.996571303301396 4.95242760448598 -0.248215102130015
4.74999999999994 0.186948637061764 0.993641101132782 4.91184844814238 -0.337781377900998
4.75999999999994 0.235813020950243 0.98981668904191 4.85899222871966 -0.427043673231429
4.76999999999994 0.284087995095398 0.985101508741523 4.79399105923936 -0.515921658080536
4.77999999999994 0.331652897202981 0.979499803575626 4.71700740877325 -0.604335348261037
4.78999999999994 0.378388839789044 0.973016614700764 4.62823369635518 -0.692205177419515
4.79999999999994 0.424179007336733 0.965657776549323 4.52789181003374 -0.779452068640763
4.80999999999994 0.46890894827424 0.957429911578931 4.41623255226767 -0.865997505611671
4.81999999999994 0.512466861044121 0.948340424312699 4.29353501305039 -0.951763603280607
4.82999999999994 0.55474387354897 0.938397494675644 4.16010587233031 -1.03667317794871
4.83999999999994 0.595634315274972 0.927610070633312 4.01627863347065 -1.12064981672999
4.84999999999994 0.635035981413144 0.915987860139211 3.86241278966479 -1.20361794631781
4.85999999999994 0.672850388318129 0.90354132239831 3.69889292539046 -1.28550290099572
4.86999999999994 0.708983019666024 0.89028165845446 3.52612775514886 -1.36623098983158
4.87999999999994 0.743343562695973 0.876220801110211 3.34454910189123 -1.44572956299441
4.88999999999994 0.775846133945029 0.861371404188092 3.15461081768636 -1.52392707713437
4.89999999999994 0.806409493912078 0.84574683114303 2.95678764932683 -1.6007531597669
4.90999999999994 0.834957250114291 0.829361143036137 2.75157405170923 -1.67613867260323
4.91999999999994 0.861418048028548 0.81222908588071 2.53948295195443 -1.75001577377019
4.92999999999994 0.885725749440582 0.794366077371809 2.32104446735688 -1.82231797886328
4.93999999999994 0.907819597756069 0.775788193011374 2.09680458036753 -1.89298022077816
4.94999999999994 0.92764436986047 0.756512151641362 1.86732377392199 -1.96193890826667
4.95999999999994 0.94515051414807 0.73655530039791 1.63317563052507 -2.02913198316465
4.96999999999994 0.960294274375173 0.715935599100092 1.39494539859325 -2.09449897624008
4.97999999999994 0.973037799027929 0.694671604087287 1.15322852963847 -2.15798106161133
4.98999999999994 0.983349235931404 0.67278245151973 0.908629189949409 -2.21952110968648
4.99999999999994 0.991202811863432 0.650287840157259 0.661758750490415 -2.2790637385761
5.00999999999994 0.996578896974248 0.627208013631758 0.413234258792471 -2.33655536393319
5.01999999999994 0.999464053850885 0.603563742229259 0.163676896655789 -2.39194424717549
5.02999999999994 0.999851071103712 0.579376304198085 -0.0862895724812354 -2.44518054204672
5.03999999999994 0.997738981391152 0.55466746659986 -0.336040362625797 -2.49621633947485
5.04999999999994 0.99313306383753 0.529459465720626 -0.58495122687025 -2.545005710687
5.05999999999994 0.986044830838016 0.503774987059684 -0.832400017684237 -2.59150474854227
5.06999999999994 0.976491999283628 0.477637144914181 -1.07776824195955 -2.63567160704517
5.07999999999994 0.964498446278234 0.451069461577795 -1.32044260692081 -2.67746653900422
5.08999999999994 0.950094149458224 0.424095846172265 -1.559816553038 -2.71685193180175
5.09999999999994 0.933315112064037 0.39674057313079 -1.79529177010935 -2.75379234124265
5.10999999999994 0.914203272950805 0.369028260352683 -2.02627969272529 -2.78825452345184
5.11999999999994 0.892806401763057 0.340983847048918 -2.25220297137549 -2.82020746479146
5.12999999999994 0.869177979535486 0.312632571298529 -2.47249691552189 -2.84962240977106
5.13999999999993 0.843377065018217 0.283999947336037 -2.686610905031 -2.87647288692561
5.14999999999993 0.815468147060689 0.255111742590363 -2.89400976643742 -2.90073473263802
5.15999999999993 0.785520983423111 0.225993954495885 -3.0941751105989 -2.92238611288478
5.16999999999993 0.753610426418393 0.196672787096494 -3.28660662839914 -2.94140754288509
5.17999999999993 0.719816235820353 0.167174627463731 -3.47082334126003 -2.95778190463585
5.18999999999993 0.684222879505812 0.1375260219502 -3.64636480333762 -2.97149446231673
5.19999999999993 0.646919322328895 0.107753652299642 -3.81279225239693 -2.98253287555138
5.20999999999993 0.607998803755223 0.0778843116351672 -3.96968970648909 -2.99088721051297
5.21999999999993 0.567558604811819 0.0479448803472542 -4.11666500368946 -2.99654994886392
5.22999999999993 0.525699804935196 0.017962301903211 -4.25335078229829 -2.99951599452196
5.23999999999993 0.4825270293254 -0.0120364414001261 -4.37940539905363 -2.99978267824617
5.24999999999993 0.438148187437508 -0.0420243527186385 -4.4945137830616 -2.99734976003923
5.25999999999993 0.392674203264186 -0.0719744449562628 -4.59838822330944 -2.99221942936328
5.26999999999993 0.346218738083479 -0.101859765051556 -4.69076908779329 -2.98439630316967
5.27999999999993 0.298897906364797 -0.13165341823363 -4.77142547246298 -2.9738874217439
5.28999999999993 0.25082998554322 -0.161328592225634 -4.84015577836186 -2.96070224236995
5.29999999999993 0.202135120387516 -0.190858581373987 -4.89678821551924 -2.94485263081927
5.30999999999993 0.152935022700782 -0.220216810681672 -4.94118123233582 -2.92635285067244
5.31999999999993 0.103352667104317 -0.249376859723932 -4.97322386938901 -2.9052195504829
5.32999999999993 0.0535119836651161 -0.278312486424873 -4.99283603677365 -2.88147174879436
5.33999999999993 0.00353754813525456 -0.30699765067356 -4.9999687142851 -2.85513081702542
5.34999999999993 -0.0464457294226221 -0.335406537758364 -4.9946040739442 -2.8262204602367
5.35999999999993 -0.0963129168454105 -0.363513581598447 -4.97675552455797 -2.79476669579792
5.36999999999993 -0.145939372134886 -0.391293487751519 -4.94646767820451 -2.76079782997402
5.37999999999993 -0.195201054997781 -0.418721256177133 -4.9038162387261 -2.72434443245141
5.38999999999993 -0.243974836881922 -0.445772203735027 -4.84890781250902 -2.68543930882732
5.39999999999993 -0.292138808733496 -0.472421986398281 -4.78187964202303 -2.644117471087
5.40999999999993 -0.339572585706191 -0.498646621161301 -4.70289926278676 -2.60041610609528
5.41999999999993 -0.386157608060605 -0.524422507622913 -4.61216408461611 -2.5543745421309
5.42999999999993 -0.431777437501858 -0.549726449225125 -4.50990089820256 -2.50603421349371
5.43999999999993 -0.4763180482147 -0.574535674128456 -4.39636530825448 -2.4554386232166
5.44999999999993 -0.519668111868652 -0.598827855705063 -4.27184109461854 -2.40263330391574
5.45999999999993 -0.561719275880853 -0.622581132631204 -4.1366395029779 -2.34766577681424
5.46999999999993 -0.602366434241093 -0.645774128560945 -3.99109846690003 -2.29058550897629
5.47999999999993 -0.641507990222105 -0.668385971363427 -3.83558176317881 -2.23144386879014
5.48999999999993 -0.679046110318468 -0.690396311906379 -3.670478102582 -2.17029407974003
5.49999999999993 -0.714886968779412 -0.711785342368968 -3.49620015827678 -2.10719117250861
5.50999999999993 -0.748940982124341 -0.732533814067497 -3.31318353436173 -2.04219193545306
5.51999999999993 -0.781123033054884 -0.752623054777915 -3.1218856770834 -1.97535486349943
5.52999999999993 -0.811352683203803 -0.772034985539562 -2.92278473145898 -1.9067401055011
5.53999999999993 -0.839554374189021 -0.790752136925022 -2.71637834616278 -1.83640941010892
5.54999999999993 -0.865657616470232 -0.808757664761419 -2.50318242966367 -1.76442607020156
5.55999999999993 -0.889597165536038 -0.826035365289036 -2.28372986072262 -1.69085486592619
5.56999999999993 -0.911313184981254 -0.842569689743605 -2.05856915647327 -1.61576200640078
5.57999999999993 -0.930751396066749 -0.858345758349153 -1.82826310141483 -1.53921507013028
5.58999999999993 -0.947863213388032 -0.873349373708789 -1.59338734074388 -1.46128294419055
5.59999999999993 -0.962605866313465 -0.887567033581401 -1.35452894154116 -1.38203576223468
5.60999999999992 -0.974942505888559 -0.900985943032766 -1.1122849254096 -1.30154484137743
5.61999999999992 -0.984842296939173 -0.913594025950129 -0.867260776231315 -1.21988261801459
5.62999999999992 -0.992280495143392 -0.925379935909884 -0.620068926773148 -1.13712258263512
5.63999999999992 -0.997238508879446 -0.936333066388592 -0.371327227923702 -1.05333921368476
5.64999999999992 -0.999703945695076 -0.946443560308136 -0.121657404387912 -0.968607910540351
5.65999999999992 -0.999670643282219 -0.955702318906425 0.128316499300897 -0.883004925655531
5.66999999999992 -0.997138684879564 -0.964101009925672 0.377969678567377 -0.796607295938655
5.67999999999992 -0.992114399064499 -0.971632075110851 0.626678130480242 -0.709492773424814
5.68999999999992 -0.984610343934963 -0.978288737011627 0.873820213434586 -0.621739755304226
5.69999999999992 -0.974645275720744 -0.984065005081602 1.11877820093211 -0.533427213370039
5.70999999999992 -0.962244101902671 -0.988955681069399 1.36093982557572 -0.444634622949065
5.71999999999992 -0.947437818956883 -0.992956363696739 1.59969980941914 -0.355441891379374
5.72999999999992 -0.930263434879779 -0.996063452619296 1.83446137684659 -0.26592928609906
5.73999999999992 -0.910763876687307 -0.998274151666761 2.06463774620094 -0.176177362410945
5.74999999999992 -0.888987883119777 -0.99958647135921 2.28965359643232 -0.0862668909882646
5.75999999999992 -0.864989882820386 -0.999999230697499 2.50894650510117 0.00372121481346462
5.76999999999992 -0.838829858291966 -0.999512058226083 2.72196835414135 0.0937059717730256
5.77999999999992 -0.810573195971962 -0.998125392367304 2.9281866998699 0.183606399682954
5.78999999999992 -0.780290522800389 -0.995840481026837 3.12708610381892 0.273341594226239
5.79999999999992 -0.748057529689264 -0.992659380470661 3.31816942106335 0.362830799784724
5.80999999999992 -0.713954782334745 -0.988584953474561 3.50095904282436 0.451993482113737
5.81999999999992 -0.678067519844851 -0.983620866747816 3.67499809024254 0.540749400817492
5.82999999999992 -0.640485441686086 -0.977771587633414 3.8398515563371 0.629018681560011
5.83999999999992 -0.601302483481476 -0.971042380087744 3.99510739329686 0.716721887946614
5.84999999999992 -0.560616582220439 -0.963439299943391 4.1403775423851 0.803780093011331
5.85999999999992 -0.518529431467322 -0.95496918945929 4.27529890388431 0.890114950245866
5.86999999999992 -0.475146227180449 -0.945639671163161 4.39953424465643 0.975648764106146
5.87999999999992 -0.430575404776996 -0.935459140991749 4.51277304105006 1.06030455993305
5.88999999999992 -0.384928368100933 -0.924436760735043 4.61473225504783 1.14400615322441
5.89999999999992 -0.338319210971436 -0.912582449791285 4.70515704171408 1.22667821819597
5.90999999999992 -0.290864432007754 -0.89990687624018 4.78382138617446 1.30824635556946
5.91999999999992 -0.24268264344332 -0.886421447242352 4.85052866853543 1.38863715952691
5.92999999999992 -0.193894274656952 -0.872138298773659 4.90511215533155 1.46777828377098
5.93999999999992 -0.144621271162128 -0.85707028470364 4.94743541627238 1.54559850663172
5.94999999999992 -0.0949867898067035 -0.841230965227894 4.97739266524708 1.62202779516126
5.95999999999992 -0.0451148909449266 -0.82463459466483 4.99490902473465 1.69699736815876
5.96999999999992 0.00486977164883518 -0.807296108627735 4.99994071295873 1.77043975806878
5.97999999999992 0.0548422623496029 -0.789231110583727 4.99247515331919 1.84228887169765
5.98999999999992 0.104677675955791 -0.770455857811694 4.97253100582715 1.91248004969276
5.99999999999992 0.15425144988717 -0.75098724677184 4.94015812046463 1.98095012473168
6.00999999999992 0.203439675526436 -0.730842797900013 4.89543741258557 2.04763747836846
6.01999999999992 0.252119407926221 -0.710040639840484 4.83848066066955 2.11248209648608
6.02999999999992 0.300168973107437 -0.688599493131403 4.76943022693389 2.17542562330514
6.03999999999992 0.347468272180864 -0.666538653357574 4.68845870150214 2.23641141390006
6.04999999999992 0.393899081531819 -0.643877973785735 4.59576847101872 2.29538458517569
6.05999999999992 0.439345348317621 -0.620637847497949 4.4915912127877 2.35229206525848
6.06999999999992 0.48369348053926 -0.59683918903921 4.37618731570021 2.4070826412575
6.07999999999991 0.526832630962247 -0.572503415595772 4.24984522939776 2.45970700535258
6.08999999999991 0.568654974176961 -0.547652427721122 4.11288074329842 2.51011779916809
6.09999999999991 0.609055976106018 -0.522308589626953 3.96563619728772 2.55826965639221
6.10999999999991 0.647934655285028 -0.496494709056889 3.80847962604722 2.60411924360361
6.11999999999991 0.685193835263671 -0.470234016761061 3.64180383915945 2.64762529926854
6.12999999999991 0.720740387496209 -0.443550145589995 3.46602543928855 2.68874867087347
6.13999999999991 0.754485464114344 -0.416467109226635 3.28158378089057 2.7274523501597
6.14999999999991 0.786344720000625 -0.389009280575654 3.08893987205618 2.76370150642831
6.15999999999991 0.816238523607318 -0.361201369829494 2.88857522223044 2.79746351788538
6.16999999999991 0.8440921559938 -0.333068402230852 2.68099063869001 2.82870800099948
6.17999999999991 0.869835997584995 -0.304635695551645 2.46670497478578 2.85740683784474
6.18999999999991 0.893405702184057 -0.27592883730873 2.24625383307972 2.88353420140512
6.19999999999991 0.914742357804353 -0.246973661736876 2.02018822661734 2.90706657881695
6.20999999999991 0.933792633918751 -0.217796226539683 1.78907320168209 2.92798279252896
6.21999999999991 0.950508914758155 -0.18842278943941 1.55348642547396 2.94626401936059
6.22999999999991 0.964849418326136 -0.158879784546794 1.31401674224224 2.96189380744166
6.23999999999991 0.976778300832166 -0.129193798572149 1.07126270148161 2.97485809101787
6.24999999999991 0.986265746282421 -0.0993915468991133 0.825831061870085 2.98514520310906
6.25999999999991 0.993288041004242 -0.0694998495425963 0.57833527468839 2.9927458860087
6.26999999999991 0.997827632917963 -0.0395456070125865 0.329393950511181 2.99765329961523
6.27999999999991 0.999873175407976 -0.00955577610551383 0.0796293130027469 2.99986302758763
6.28999999999991 0.999419555683352 0.0204426543550548 -0.170334356318067 2.99937308131987
6.29999999999991 0.996467907557163 0.0504226878065416 -0.419872278456504 2.99618390173055
6.30999999999991 0.991025608612535 0.0803573442424353 -0.668360738564037 2.99029835886601
6.31999999999991 0.983106261762536 0.110219684492469 -0.915178644900705 2.98172174931757
6.32999999999991 0.972729661249974 0.139982834466061 -1.15970908124096 2.97046179145493
6.33999999999991 0.959921743172102 0.169620009337192 -1.40134084884293 2.95652861848014
6.34999999999991 0.94471452065388 0.19910453764893 -1.63946999412698 2.9399347693084
6.35999999999991 0.927146003831836 0.228409885315937 -1.87350131824519 2.92069517728394
6.36999999999991 0.907260104848515 0.257509679503361 -2.10284986476842 2.89882715674093
6.37999999999991 0.885106528095001 0.286377732360614 -2.32694238177276 2.87435038742181
6.38999999999991 0.860740645975821 0.314988064588663 -2.54521875467083 2.84728689676685
6.39999999999991 0.834223360506765 0.343314928819638 -2.75713340620653 2.81766104009089
6.40999999999991 0.805620951091565 0.371332832787735 -2.96215666011405 2.78549947866528
6.41999999999991 0.775004908857921 0.399016562270538 -3.15977606503264 2.75083115572443
6.42999999999991 0.742451757966887 0.42634120378011 -3.3494976753682 2.71368727041897
6.43999999999991 0.708042864342337 0.453282166983448 -3.53084728590001 2.67410124973852
6.44999999999991 0.671864232298526 0.479815206832126 -3.70337161704679 2.63210871842973
6.45999999999991 0.634006289574093 0.50591644538121 -3.86663944782964 2.58774746693636
6.46999999999991 0.594563661309822 0.53156239327779 -4.02024269369978 2.54105741739046
6.47999999999991 0.553634933535045 0.556729970899804 -4.1637974265376 2.49208058768514
6.48999999999991 0.511322406753925 0.581396529126152 -4.29694483427287 2.4408610536613
6.49999999999991 0.467731840247488 0.605539869719375 -4.41935211772806 2.38744490944235
6.50999999999991 0.422972187730466 0.629138265302568 -4.53071332244301 2.33188022595259
6.51999999999991 0.377155325023775 0.652170478912548 -4.63075010340174 2.27421700765666
6.52999999999991 0.33039577042322 0.67461578311169 -4.71921242075001 2.21450714755889
6.53999999999991 0.282810398463392 0.696453978641231 -4.79587916476473 2.15280438050307
6.5499999999999 0.234518147792221 0.717665412599231 -4.86055870851311 2.08916423481472
6.5599999999999 0.185639723886259 0.738230996126854 -4.91308938682026 2.0236439823294
6.5699999999999 0.136297297349874 0.758132221587057 -4.95333990034784 1.95630258685185
6.5799999999999 0.0866141985523818 0.777351179220222 -4.98120964377411 1.88720065109261
6.5899999999999 0.0367146093663111 0.795870573261722 -4.99662895725478 1.81640036212959
6.5999999999999 -0.0132767472225764 0.813673737506938 -4.99955930053637 1.74396543544401
6.6099999999999 -0.0632349188578037 0.830744650309726 -4.98999334928677 1.66996105758067
6.6199999999999 -0.113035036128003 0.847067949000816 -4.96795501340225 1.5944538274845
6.6299999999999 -0.162552624675384 0.862628943713179 -4.93349937724518 1.51751169656598
6.6399999999999 -0.211663916316846 0.877413630601907 -4.88671256196181 1.43920390754953
6.6499999999999 -0.260246158399961 0.891408704446735 -4.82771151022424 1.35960093215963
6.6599999999999 -0.308177920620647 0.904601570625843 -4.75664369393466 1.27877440770111
6.6699999999999 -0.355339398535741 0.916980356450164 -4.67368674562239 1.19679707259033
6.6799999999999 -0.401612713011677 0.928533921847997 -4.57904801445508 1.11374270089559
6.6899999999999 -0.446882204860942 0.939251869390325 -4.47296404797374 1.02968603594544
6.6999999999999 -0.491034723929813 0.949124553647801 -4.35570000084709 0.944702723064652
6.7099999999999 -0.533959911914795 0.95814308987098 -4.22754897212304 0.858869241498622
6.7199999999999 -0.575550478200937 0.966299361985994 -4.08883127263364 0.772262835587177
6.7299999999999 -0.615702468032476 0.97358602989847 -3.93989362438479 0.684961445249892
6.7399999999999 -0.654315522345575 0.979996536099123 -3.78110829393194 0.597043635845392
6.7499999999999 -0.691293128613748 0.985525111565069 -3.61287216190739 0.508588527467858
6.7599999999999 -0.726542862078888 0.990166780951556 -3.43560573102553 0.419675723744298
6.7699999999999 -0.759976616765039 0.993917367069439 -3.24975207504498 0.33038524019664
6.7799999999999 -0.791510825697453 0.996773494644369 -3.05577573131495 0.24079743223314
6.7899999999999 -0.821066669776488 0.998732593354312 -2.8541615396739 0.150992922833959
6.7999999999999 -0.848570274784338 0.999792900142663 -2.64541343060226 0.061052529995944
6.8099999999999 -0.873952896032087 0.999953460804882 -2.43005316565877 -0.0289428059981347
6.8199999999999 -0.897151090185622 0.999214130847211 -2.20861903334838 -0.118912095420396
6.8299999999999 -0.918106873840949 0.997575575616708 -1.98166450368118 -0.208774371983115
6.8399999999999 -0.936767868452491 0.995039269702481 -1.74975684478571 -0.298448765702897
6.8499999999999 -0.953087431252176 0.991607495608658 -1.51347570503402 -0.387854575678223
6.8599999999999 -0.967024771832072 0.987283341700285 -1.27341166422261 -0.476911342714837
6.8699999999999 -0.978545054099152 0.982070699424007 -1.03016475743067 -0.565538921733568
6.8799999999999 -0.987619483347397 0.975974259806032 -0.784342975244576 -0.653657553895471
6.8899999999999 -0.994225378229558 0.968999509230518 -0.536560744098265 -0.741187938379419
6.8999999999999 -0.998346227448713 0.961152724502202 -0.287437390527177 -0.82805130374751
6.9099999999999 -0.99997173102791 0.952440967197695 -0.0375955931742697 -0.914169478834025
6.9199999999999 -0.999097826054748 0.942872077310547 0.212340173582166 -0.999464963094178
6.9299999999999 -0.995726696836539 0.932454666195776 0.461745200489272 -1.0838609963494
6.9399999999999 -0.989866769440677 0.921198108820232 0.709996104867441 -1.16728162786633
6.9499999999999 -0.981532690633862 0.909112535325754 0.95647238874223 -1.24965178470733
6.9599999999999 -0.970745291272807 0.896208821912739 1.20055798976635 -1.33089733929106
6.9699999999999 -0.957531534237942 0.882498581052284 1.44164282105461 -1.4109451761023
6.9799999999999 -0.941924447040268 0.86799415103575 1.67912429608327 -1.48972325749098
6.9899999999999 -0.923963039269763 0.852708584871129 1.91240883484274 -1.56716068850124
6.9999999999999 -0.903692205091732 0.836655638536227 2.14091334747838 -1.64318778067202
7.00999999999989 -0.881162611034775 0.819849758599206 2.36406669171144 -1.71773611475203
7.01999999999989 -0.856430569350843 0.802306069217644 2.58131110039738 -1.79073860227248
7.02999999999989 -0.829557897263957 0.784040358527819 2.79210357565314 -1.86212954592212
7.03999999999989 -0.800611762459313 0.765069064436456 2.99591724606919 -1.9318446986704
7.04999999999989 -0.769664515199062 0.745409259827715 3.19224268361364 -1.99982132158548
7.05999999999989 -0.736793507484348 0.725078637198744 3.38058917693688 -2.06599824029502
7.06999999999989 -0.702080899715565 0.704095492737633 3.56048595789459 -2.130315900039
7.07999999999989 -0.665613455334157 0.682478709858077 3.73148337822281 -2.19271641926495
7.08999999999989 -0.627482323959201 0.660247742205582 3.89315403342444 -2.25314364171747
7.09999999999989 -0.587782813560818 0.637422596150488 4.04509383105797 -2.31154318697509
7.10999999999989 -0.546614152239911 0.61402381278359 4.18692300075797 -2.36786249938892
7.11999999999989 -0.504079240209551 0.590072449430551 4.31828704346342 -2.42205089537922
7.12999999999989 -0.460284392598055 0.565590060701723 4.43885761748065 -2.4740596090472
7.13999999999989 -0.415339073716548 0.540598679094448 4.54833335916652 -2.52384183606106
7.14999999999989 -0.369355623455158 0.5151207951653 4.6464406361807 -2.57135277577668
7.15999999999989 -0.32244897649182 0.489179337290114 4.73293423142393 -2.6165496715552
7.16999999999989 -0.274736375015433 0.462797651029985 4.80759795595311 -2.65939184924113
7.17999999999989 -0.22633707568144 0.435999478121834 4.87024518934102 -2.6998407537663
7.18999999999989 -0.177372051532319 0.408808935112451 4.92071934613024 -2.73785998384688
7.19999999999989 -0.127963689627947 0.381250491655242 4.95889426721523 -2.77341532474199
7.20999999999989 -0.0782354851416995 0.353348948489183 4.9846745351744 -2.80647477904475
7.21999999999989 -0.0283117326868575 0.325129415119823 4.99799571276394 -2.83700859547774
7.22999999999989 0.0216827843552362 0.296617287222428 4.99882450397742 -2.86498929566714
7.23999999999989 0.0716231057286176 0.2678382237876 4.98715883726844 -2.89039169887141
7.24999999999989 0.12138440663827 0.238818124029904 4.9630278707284 -2.91319294464228
7.25999999999989 0.170842309747111 0.20958310408032 4.92649191920649 -2.93337251339759
7.26999999999989 0.219873196054531 0.180159473483496 4.87764230355396 -2.95091224488756
7.27999999999989 0.268354513879563 0.150573711520937 4.81660112236955 -2.96579635453773
7.28999999999989 0.316165085176231 0.120852443381433 4.74352094681658 -2.97801144765406
7.29999999999989 0.363185408415546 0.0910224162001804 4.65858443927453 -2.98754653147725
7.30999999999989 0.409297957277126 0.0611104749881733 4.56200389677818 -2.99439302507545
7.31999999999989 0.454387474403769 0.0311435384735101 4.45402072038558 -2.99854476706654
7.32999999999989 0.498341259484825 0.00114857487635007 4.33490481180117 -2.99999802116298
7.33999999999989 0.541049450948286 -0.0288474223606722 4.20495389876203 -2.99875147953416
7.34999999999989 0.582405300557477 -0.058817458864716 4.06449279087365 -2.99480626398341
7.35999999999989 0.622305440226091 -0.0887345636258409 3.91387256775502 -2.98816592493844
7.36999999999989 0.660650140384555 -0.118571813269102 3.75346970152241 -2.97883643825617
7.37999999999989 0.697343559251993 -0.148302356283779 3.58368511580524 -2.9668261998449
7.38999999999989 0.732293982390807 -0.177899437187912 3.4049431836457 -2.95214601810852
7.39999999999989 0.765414051944978 -0.207336420606429 3.21769066678717 -2.93480910421973
7.40999999999989 0.796620984989218 -0.236586815241184 3.02239559900258 -2.91483106023082
7.41999999999989 0.825836780443179 -0.265624297711353 2.81954611625366 -2.89222986503289
7.42999999999989 0.85298841403351 -0.294422736242688 2.60964923660536 -2.86702585817608
7.43999999999989 0.878008020816535 -0.322956214184343 2.3932295929446 -2.83924172156536
7.44999999999989 0.90083306480526 -0.351199053332119 2.17082812167133 -2.8089024590483
7.45999999999989 0.92140649527676 -0.379125837037121 1.94300071063934 -2.77603537391333
7.46999999999989 0.939676889369294 -0.406711433079019 1.71031680972596 -2.7406700443186
7.47999999999988 0.95559858061267 -0.433931016283345 1.47335800750404 -2.70283829667365
7.48999999999988 0.969131773070634 -0.460760090862477 1.23271657757338 -2.66257417699782
7.49999999999988 0.980242640809994 -0.487174512460205 0.988993998185132 -2.61991392028106
7.50999999999988 0.988903412447827 -0.513150509880016 0.742799448859576 -2.57489591787492
7.51999999999988 0.995092440565481 -0.538664706477556 0.494748287754347 -2.52756068294295
7.52999999999988 0.998794255815848 -0.563694141198039 0.245460513589623 -2.47795081400157
7.53999999999988 0.999999605588667 -0.588216289239657 -0.00444078402567474 -2.42611095658425
7.54999999999988 0.998705477137242 -0.612209082324371 -0.254330981993624 -2.37208776306358
7.55999999999988 0.994915105108732 -0.635650928557866 -0.503585484959604 -2.31592985066727
7.56999999999988 0.988637963459222 -0.658520731860807 -0.751581286475436 -2.25768775772594
7.57999999999988 0.97988974177376 -0.68079791095389 -0.997698526191082 -2.197413898192
7.58999999999988 0.968692306050577 -0.702462417879596 -1.24132203918256 -2.13516251447068
7.59999999999988 0.95507364404747 -0.723494756044002 -1.48184289354411 -2.07098962860548
7.60999999999988 0.93906779532698 -0.743875997762397 -1.71865991240069 -2.00495299186215
7.61999999999988 0.920714766175228 -0.763587801292929 -1.95118117653702 -1.93711203275641
7.62999999999988 0.90006042960702 -0.78261242734293 -2.17882550388751 -1.86752780357232
7.63999999999988 0.877156410707205 -0.800932755033077 -2.40102390218868 -1.79626292541936
7.64999999999988 0.85205995759485 -0.818532297305031 -2.61722099116345 -1.72338153187764
7.65999999999988 0.824833798332751 -0.835395215758683 -2.82687639068268 -1.648949211282
7.66999999999988 0.795545984139963 -0.85150633490564 -3.02946607143395 -1.57303294769693
7.67999999999988 0.764269719299165 -0.866851155826135 -3.22448366472206 -1.49570106063546
7.68999999999988 0.73108317818409 -0.881415869217082 -3.41144172812702 -1.41702314357623
7.69999999999988 0.696069309864318 -0.89518736781952 -3.58987296385614 -1.33707000133397
7.70999999999988 0.659315630775775 -0.908153258214257 -3.75933138674533 -1.25591358634002
7.71999999999988 0.620914005975235 -0.920301871975107 -3.91939343898959 -1.17362693388999
7.72999999999988 0.580960419525521 -0.931622276169691 -4.06965904881702 -1.09028409641691
7.73999999999988 0.539554734585324 -0.94210428319834 -4.2097526304599 -1.00596007684902
7.74999999999988 0.496800443803344 -0.951738459962242 -4.33932402292339 -0.920730761112224
7.75999999999988 0.452804410640526 -0.960516136352598 -4.45804936520584 -0.83467284983789
7.76999999999988 0.407676602267078 -0.968429413053129 -4.56563190578251 -0.747863789337439
7.77999999999988 0.361529814701839 -0.975471168648937 -4.66180274432985 -0.660381701905876
7.78999999999988 0.314479390880933 -0.98163506603529 -4.74632150383631 -0.572305315517016
7.79999999999988 0.266642932360526 -0.98691555812059 -4.81897693141962 -0.48371389297364
7.80999999999988 0.218140005374173 -0.991307892818383 -4.87958742634907 -0.394687160576306
7.81999999999988 0.169091841979495 -0.994808117323916 -4.92800149395265 -0.305305236375038
7.82999999999988 0.119621037041205 -0.99741308167139 -4.96409812427491 -0.215648558068507
7.83999999999988 0.069851241807744 -0.999120441568724 -4.98778709453881 -0.125797810615555
7.84999999999988 0.0199068548475798 -0.999928660507252 -4.99900919465567 -0.0358338536241572
7.85999999999988 -0.0300872888824067 -0.999837011144483 -4.99773637521955 0.0541623514167896
7.86999999999988 -0.0800062300593443 -0.998845575958659 -4.98397181761618 0.144109813997321
7.87999999999988 -0.129725197327573 -0.996955247174524 -4.95774992607111 0.233927587472375
7.88999999999988 -0.179119919162059 -0.994167725960394 -4.91913624165711 0.323534841908333
7.89999999999988 -0.228066934482498 -0.990485520897208 -4.8682272784756 0.412850936824519
7.90999999999988 -0.276443901241687 -0.985911945720981 -4.80515028242166 0.501795493764176
7.91999999999988 -0.324129902216972 -0.980451116340664 -4.73006291313555 0.590288468629625
7.92999999999988 -0.371005747240312 -0.974107947134107 -4.64315284993575 0.678250223716573
7.93999999999988 -0.416954271111602 -0.966888146525443 -4.54463732271837 0.765601599382693
7.94999999999987 -0.4618606264507 -0.958798211847897 -4.43476256899557 0.852263985285937
7.95999999999987 -0.505612570756036 -0.949845423496626 -4.31380321842998 0.938159391128516
7.96999999999987 -0.548100746952419 -0.940037838376852 -4.18206160640359 1.02321051684293
7.97999999999987 -0.589218956726777 -0.92938428265319 -4.03986701833677 1.10734082215682
7.98999999999987 -0.628864425968614 -0.917894343806695 -3.88757486664619 1.19047459547405
7.99999999999987 -0.666938061651791 -0.905578362006784 -3.72556580239885 1.27253702200997
8.00999999999987 -0.703344699515472 -0.892447420805773 -3.55424476388266 1.35345425111974
8.01999999999987 -0.737993341925197 -0.878513337164432 -3.37403996447167 1.43315346275893
8.02999999999987 -0.770797385319613 -0.863788650817512 -3.18540182231555 1.5115629330166
8.03999999999987 -0.801674836674248 -0.848286612988841 -2.98880183452884 1.588612098662
8.04999999999987 -0.830548518441382 -0.832021174466111 -2.78473139869371 1.66423162064669
8.05999999999987 -0.857346261453723 -0.815006973046105 -2.5737005846219 1.73835344650506
8.06999999999987 -0.882001085309728 -0.797259320361677 -2.35623685944592 1.81091087159692
8.07999999999987 -0.904451365789744 -0.778794188102313 -2.13288376922576 1.88183859913717
8.08999999999987 -0.924640988884454 -0.759628193640689 -1.90419958036689 1.95107279895847
8.09999999999987 -0.942519491050669 -0.739778585078154 -1.67075588424512 2.01855116495418
8.10999999999987 -0.95804218534392 -0.719263225722603 -1.43313616852557 2.08421297114955
8.11999999999987 -0.971170273112536 -0.698100578012712 -1.1919343587476 2.14799912635105
8.12999999999987 -0.981870940974072 -0.676309686902988 -0.947753333820175 2.20985222732441
8.13999999999987 -0.990117442831675 -0.653910162724586 -0.701203419138559 2.26971661045373
8.14999999999987 -0.995889166725394 -0.630922163537341 -0.452900861088813 2.32753840183492
8.15999999999987 -0.999171686351352 -0.60736637698888 -0.203466286752555 2.38326556575859
8.16999999999987 -0.999956797119987 -0.583264001697133 0.0464768473374273 2.43684795153867
8.17999999999987 -0.998242536663255 -0.558636728172998 0.296303813513704 2.48823733864467
8.18999999999987 -0.994033189739528 -0.533506719300352 0.54539017446824 2.53738748009688
8.19999999999987 -0.98733927752393 -0.507896590390959 0.793113344020318 2.58425414408551
8.20999999999987 -0.978177531310879 -0.481829388832208 1.03885414325779 2.62879515377639
8.21999999999987 -0.966570850694559 -0.455328573346017 1.28199834816193 2.67097042526722
8.22999999999987 -0.952548246331873 -0.428417992877567 1.52193822484747 2.7107420036604
8.23999999999987 -0.936144767430894 -0.401121865132875 1.75807404858099 2.74807409721989
8.24999999999987 -0.917401414146105 -0.373464754784481 1.98981560278036 2.78293310958131
8.25999999999987 -0.896365035099375 -0.345471551364894 2.21658365424867 2.81528766998646
8.26999999999987 -0.873088210282783 -0.317167446867707 2.43781140095582 2.84510866151484
8.27999999999987 -0.847629119636033 -0.288577913076498 2.65294588874822 2.87236924728694
8.28999999999987 -0.820051397626907 -0.25972867864195 2.86144939344625 2.89704489461557
8.29999999999987 -0.79042397419822 -0.230645705927783 3.06280076487474 2.91911339708372
8.30999999999987 -0.758820902478891 -0.201355167646396 3.25649672946681 2.93855489452874
8.31999999999987 -0.725321173689651 -0.171883423305193 3.44205314818593 2.95535189091519
8.32999999999987 -0.690008519706148 -0.142256995484802 3.61900622662124 2.96948927008008
8.33999999999987 -0.652971203772874 -0.112502545970534 3.78691367423197 2.98095430933641
8.34999999999987 -0.614301799890997 -0.0826468517585828 3.94535580984365 2.98973669092272
8.35999999999987 -0.574096961431586 -0.0527167809585441 4.0939366106323 2.99582851128837
8.36999999999987 -0.532457179552514 -0.0227392686139223 4.23228470197535 2.99922428820622
8.37999999999987 -0.489486532022894 0.00725870753759751 4.36005428569473 2.99992096570626
8.38999999999987 -0.44529242308288 0.0372501513422851 4.47692600437225 2.99791791682574
8.39999999999987 -0.39998531498897 0.0672080725250744 4.58260773957682 2.99321694417347
8.40999999999987 -0.353678451915906 0.0971055109789964 4.67683534200844 2.98582227830753
8.41999999999986 -0.306487576905237 0.126915561027463 4.75937329173379 2.97574057392807
8.42999999999986 -0.258530642567948 0.156611395637551 4.8300152868635 2.96298090388854
8.43999999999986 -0.209927516264396 0.186166290562518 4.88858475919939 2.94755475103071
8.44999999999986 -0.16079968049832 0.215553648391822 4.93493531556301 2.92947599785094
8.45999999999986 -0.111269929273846 0.244747022487009 4.96895110370235 2.9087609140068
8.46999999999986 -0.0614620611744531 0.273720140781889 4.99054710186215 2.88542814167553
8.47999999999986 -0.0115005699309469 0.302446929425621 4.99966933129398 2.8594986787773
8.48999999999986 0.0384896667480127 0.330901536247422 4.99629499117503 2.83099586007855
8.49999999999986 0.0883836993051261 0.359058354021784 4.98043251559827 2.79994533619221
8.50999999999986 0.138056818643318 0.386892043513241 4.95212155249163 2.76637505049394
8.51999999999986 0.187384867833502 0.414377556279966 4.91143286451882 2.73031521397493
8.52999999999986 0.236244552442255 0.441490157215681 4.8584681522095 2.69179827805411
8.53999999999986 0.284513748703695 0.468205446809594 4.79335979976094 2.65085890537396
8.54999999999986 0.332071808765264 0.494499383104301 4.71627054414652 2.60753393860659
8.55999999999986 0.378799862244575 0.520348303331922 4.62739306835796 2.56186236729773
8.56999999999986 0.424581113343435 0.545728945208997 4.52694951979821 2.51388529277882
8.57999999999986 0.4693011327765 0.570618467870983 4.41519095502871 2.46364589117859
8.58999999999986 0.512848143784929 0.594994472427479 4.29239671225864 2.4111893745674
8.59999999999986 0.555113301520046 0.618835022119713 4.15887371314492 2.35656295026949
8.60999999999986 0.595990965098782 0.642118662062147 4.0149556956479 2.29981577837958
8.61999999999986 0.635378961650872 0.664824438550434 3.86100237986025 2.24099892752203
8.62999999999986 0.673178841697795 0.686931917918332 3.69739856889413 2.1801653288926
8.63999999999986 0.709296125225237 0.708421204926617 3.52455318707374 2.11736972862391
8.64999999999986 0.743640537833902 0.729272960667462 3.34289825783744 2.05266863851763
8.65999999999986 0.776126236378483 0.749468419968155 3.15288782390434 1.98612028518767
8.66999999999986 0.806672023530849 0.76898940827848 2.95499681240372 1.91778455766012
8.67999999999986 0.835201550731056 0.787818358026581 2.74971984780468 1.84772295347726
8.68999999999986 0.861643509018995 0.805938324428601 2.53757001561254 1.77599852335383
8.69999999999986 0.885931807269655 0.82333300073784 2.31907757992225 1.70267581443568
8.70999999999986 0.908005737386504 0.839986732919727 2.09478865803445 1.62782081221171
8.71999999999986 0.927810126040133 0.855884533739389 1.86526385544641 1.55150088113135
8.72999999999986 0.945295472572838 0.871012096249158 1.63107686463035 1.47378470398116
8.73999999999986 0.960418072724473 0.885355806663855 1.39281303110116 1.39474222007486
8.74999999999986 0.973140127870361 0.89890275661228 1.15106789035723 1.31444456231276
8.75999999999986 0.983429839498155 0.911640754753871 0.906445679351968 1.23296399316693
8.76999999999986 0.991261488687563 0.923558337750086 0.659557826216113 1.15037383964983
8.77999999999986 0.996615500394257 0.934644780580643 0.411021422005758 1.06674842732495
8.78999999999986 0.999478492377283 0.94489010619531 0.161457678296242 0.982163013418822
8.79999999999986 0.999843308647704 0.954285094492569 -0.0885096255234802 0.896693719094635
8.80999999999986 0.997709037354834 0.962821290617096 -0.338255701374351 0.810417460948283
8.81999999999986 0.9930810130654 0.970491012568555 -0.587156314131915 0.723411881788616
8.82999999999986 0.985970803429896 0.977287358114881 -0.834589341889247 0.635755280764165
8.83999999999986 0.976396180269486 0.983204211003822 -1.07993633093758 0.547526542899221
8.84999999999986 0.964381075155703 0.988236246467151 -1.32258404157854 0.458805068102611
8.85999999999986 0.949955519593985 0.992378936012606 -1.56192598090405 0.369670699713121
8.86999999999986 0.933155569960554 0.995628551499219 -1.79736391871258 0.280203652645903
8.87999999999986 0.914023217380248 0.997982168492393 -2.02830938277337 0.190484441204483
8.88999999999985 0.892606282770579 0.9994376688957 -2.25418512970036 0.100593806623303
8.89999999999985 0.868958297314352 0.999993742857019 -2.47442658775999 0.0106126444060408
8.90999999999985 0.843138368659572 0.99964988994732 -2.68848326800668 -0.0793780684748657
8.91999999999985 0.815211033181118 0.998406419611011 -2.89582014021837 -0.169297346452004
8.92999999999985 0.78524609467341 0.996264450887465 -3.09591897019349 -0.259064268244552
8.93999999999985 0.753318449877275 0.993225911403953 -3.28827961506659 -0.348598049681994
8.94999999999985 0.719507901277116 0.989293535640914 -3.47242127340491 -0.437818116404396
8.95999999999985 0.683898957636236 0.984470862471109 -3.64788368696177 -0.526644176373869
8.96999999999985 0.646580622768951 0.978762231974871 -3.81422829108234 -0.614996292132011
8.97999999999985 0.607646173077429 0.972172781534324 -3.97103931088687 -0.702794952738239
8.98999999999985 0.567192924409223 0.964708441210089 -4.11792480049149 -0.789961145324249
8.99999999999985 0.525321988818358 0.956375928404632 -4.25451762266865 -0.876416426200245
9.00999999999985 0.482138021837851 0.94718274181705 -4.38047636649909 -0.962082991448984
9.01999999999985 0.437748960895371 0.937137154694749 -4.49548620072129 -1.04688374694407
9.02999999999985 0.392265755525911 0.926248207388083 -4.59925966064563 -1.13074237772946
9.03999999999985 0.345802090055692 0.914525699214646 -4.69153736666648 -1.2135834166977
9.04999999999985 0.298474099450575 0.90198017964055 -4.77208867257611 -1.29533231250533
9.05999999999985 0.250400079039144 0.888622938786613 -4.84071224206002 -1.37591549666402
9.06999999999985 0.201700188835955 0.874465997268015 -4.89723655193299 -1.45526044974723
9.07999999999985 0.152496153204105 0.85952209537656 -4.94152032085762 -1.5332957666528
9.08999999999985 0.102910956607705 0.843804681615269 -4.97345286247414 -1.60995122086273
9.09999999999985 0.0530685362147696 0.827327900595632 -4.99295436205865 -1.68515782764233
9.10999999999985 0.00309347211886342 0.810106580308415 -4.99997607601839 -1.7588479061218
9.11999999999985 -0.0468893240462908 0.792156218779474 -4.99450045372528 -1.83095514020444
9.12999999999985 -0.0967549213208242 0.773492970122574 -4.97654118138341 -1.90141463824665
9.13999999999985 -0.146378681681037 0.754133630001773 -4.94614314782064 -1.97016299145607
9.14999999999985 -0.195636571569592 0.734095620516461 -4.90338233228987 -2.03713833095521
9.15999999999985 -0.244405471914779 0.713396974522652 -4.84836561456052 -2.10228038345919
9.16999999999985 -0.292563485864089 0.692056319404627 -4.78123050777478 -2.16553052551773
9.17999999999985 -0.339990243462864 0.670092860311538 -4.70214481473631 -2.22683183627222
9.18999999999985 -0.38656720251647 0.647526362874076 -4.61130620849069 -2.28612914868072
9.19999999999985 -0.432177944884093 0.624377135416747 -4.50894173824569 -2.34336909916449
9.20999999999985 -0.476708467463434 0.600666010681737 -4.39530726186652 -2.39850017563168
9.21999999999985 -0.520047467139082 0.576414327080853 -4.27068680636448 -2.4514727638347
9.22999999999985 -0.562086618982367 0.551643909492394 -4.13539185797722 -2.50223919201973
9.23999999999985 -0.602720847007248 0.526377049620238 -3.98976058361547 -2.55075377382801
9.24999999999985 -0.641848586805561 0.500636485932812 -3.83415698562182 -2.59697284941056
9.25999999999985 -0.679372039405148 0.474445383199995 -3.66896999195445 -2.64085482471905
9.26999999999985 -0.715197415716335 0.447827311646398 -3.49461248406986 -2.68236020893765
9.27999999999985 -0.749235170955845 0.420806225739756 -3.31152026493409 -2.72145165002209
9.28999999999985 -0.781400228462104 0.39340644263352 -3.12015096974237 -2.75809396831398
9.29999999999985 -0.811612192342576 0.365652620283051 -2.92098292206954 -2.79225418820014
9.30999999999985 -0.839795548421651 0.337569735255136 -2.71451393831004 -2.82390156778844
9.31999999999985 -0.865879852986738 0.309183060250765 -2.50126008339629 -2.85300762657336
9.32999999999985 -0.88979990886087 0.280518141361402 -2.28175438090512 -2.8795461710666
9.33999999999985 -0.911495928361686 0.251600775079221 -2.05654548077637 -2.90349331836941
9.34999999999985 -0.930913682739499 0.222456985082007 -1.82619628797388 -2.92482751766562
9.35999999999984 -0.948004637720937 0.193112998813616 -1.59128255551611 -2.94352956961586
9.36999999999984 -0.962726074819346 0.163595223881032 -1.35239144539345 -2.95958264363573
9.37999999999984 -0.975041198108752 0.133930224289302 -1.11012006096919 -2.97297229304216
9.38999999999984 -0.984919226194526 0.104144696535727 -0.865073954531854 -2.98368646805447
9.39999999999984 -0.992335469150832 0.0742654455848254 -0.617865613729998 -2.99171552663832
9.40999999999984 -0.997271390232583 0.0443193607456686 -0.369112930672008 -2.99705224318293
9.41999999999984 -0.999714652207653 0.0143333914733077 -0.119437657517601 -2.99969181500364
9.42999999999984 -0.99965914819353 -0.0156654768839077 0.130536147578635 -2.99963186666397
9.43999999999984 -0.997105016921343 -0.0456502473693156 0.380183680287836 -2.99687245211338
9.44999999999984 -0.992058642389107 -0.0755939357133869 0.628880951792186 -2.99141605463871
9.45999999999984 -0.984532637905053 -0.105469594617754 0.876006348431888 -2.98326758462939
9.46999999999984 -0.974545814560922 -0.135250338005952 1.1209421854158 -2.97243437515843
9.47999999999984 -0.962123134214038 -0.164909365219069 1.36307625071157 -2.95892617538312
9.48999999999984 -0.947295647095661 -0.194419985134534 1.60180333525696 -2.9427551417715
9.49999999999984 -0.930100414201579 -0.223755640186332 1.83652674566729 -2.92393582716229
9.50999999999984 -0.910580414658927 -0.25288993026502 2.06665979565806 -2.90248516766839
9.51999999999984 -0.888784438300741 -0.281796636476026 2.29162727245529 -2.87842246743545
9.52999999999984 -0.864766963716788 -0.310449744734904 2.51086687452784 -2.85176938126951
9.53999999999984 -0.838588022085475 -0.338823469178249 2.72383061704822 -2.82254989514909
9.54999999999984 -0.810313047127147 -0.366892275369235 2.92998620156955 -2.79079030463943
9.55999999999984 -0.78001271155388 -0.394630903276874 3.12881834649426 -2.7565191912283
9.56999999999984 -0.747762750424495 -0.422014390008348 3.31983007500984 -2.71976739660452
9.57999999999984 -0.713643771846356 -0.449018092273931 3.50254395727201 -2.68056799490259
9.58999999999984 -0.677741055497098 -0.475617708564283 3.67650330373059 -2.63895626293816
9.59999999999984 -0.640144339469817 -0.501789301020159 3.84127330661576 -2.59496964846129
9.60999999999984 -0.600947595974582 -0.527509316974876 3.99644212673088 -2.548647736456
9.61999999999984 -0.560248796456875 -0.552754610150126 4.14162192283598 -2.50003221351647
9.62999999999984 -0.518149666719958 -0.577502461486061 4.27644982104899 -2.44916683033187
9.63999999999984 -0.474755432663372 -0.601730599586905 4.40058882184139 -2.39609736231378
9.64999999999984 -0.430174557272977 -0.625417220763715 4.51372864236154 -2.34087156840133
9.65999999999984 -0.384518469519972 -0.648541008656233 4.61558649198024 -2.28353914808142
9.66999999999984 -0.337901285846521 -0.671081153416169 4.70590777911995 -2.22415169666249
9.67999999999984 -0.290439524934042 -0.693017370434649 4.78446674760126 -2.1627626588423
9.68999999999984 -0.242251816467201 -0.714329918597004 4.85106704091569 -2.09942728061126
9.69999999999984 -0.193458604621507 -0.734999618048445 4.9055421930147 -2.03420255953476
9.70999999999984 -0.144181847015552 -0.755007867454631 4.94775604438816 -1.96714719345922
9.71999999999984 -0.0945447098805134 -0.77433666074161 4.97760308239219 -1.89832152768802
9.72999999999984 -0.0446712602087063 -0.792968603300076 4.99500870497581 -1.82778750067478
9.73999999999984 0.00531384434928718 -0.810886927639347 4.99992940714724 -1.75560858828288
9.74999999999984 0.0552856670637969 -0.82807550847697 4.9923528897137 -1.68184974666154
9.75999999999984 0.105119304402866 -0.844518877250383 4.97229809002301 -1.60657735378965
9.76999999999984 0.15469019822601 -0.860202236037584 4.93981513463003 -1.52985914974009
9.77999999999984 0.203874447114681 -0.87511147087426 4.89498521400648 -1.45176417571815
9.78999999999984 0.252549116061324 -0.889233164455403 4.83792037960693 -1.3723627119292
9.79999999999984 0.300592543742851 -0.902554608209974 4.7687632637986 -1.29172621433122
9.80999999999984 0.347884646610592 -0.915063813737763 4.68768672335466 -1.20992725032925
9.81999999999984 0.394307219036634 -0.926749523598143 4.59489340740238 -1.12703943346963
9.82999999999983 0.439744228766308 -0.937601221441002 4.49061525090584 -1.04313735719275
9.83999999999983 0.484082106938434 -0.947609141470748 4.37511289494925 -0.958296527704057
9.84999999999983 0.527210031948308 -0.956764277234867 4.24867503527001 -0.872593296023517
9.85999999999983 0.569020206443981 -0.965058389729126 4.1116177006698 -0.786104789274836
9.86999999999983 0.60940812676354 -0.972484014812117 3.96428346310703 -0.698908841276279
9.87999999999983 0.648272844139807 -0.979034469922479 3.8070405814454 -0.611083922495505
9.88999999999983 0.685517217019696 -0.984703860092754 3.64028208099857 -0.522709069431423
9.89999999999983 0.721048153867506 -0.989487083254463 3.46442477117148 -0.433863813486657
9.90999999999983 0.754776845845262 -0.993379834829617 3.27990820365402 -0.344628109394671
9.91999999999983 0.786618988788587 -0.996378611604552 3.08719357377061 -0.255082263265929
9.92999999999983 0.816494993923195 -0.998480714882581 2.88676256773207 -0.165306860317794
9.93999999999983 0.844330186795364 -0.999684252912643 2.67911615867111 -0.0753826923532524
9.94999999999983 0.870054993919205 -0.999988142591746 2.4647733544702 0.0146093149462391
9.95999999999983 0.89360511667413 -0.99939211043969 2.24426990051227 0.104588174848378
9.96999999999983 0.914921692017919 -0.997896692845183 2.01815694059622 0.194472912452633
9.97999999999983 0.933951439613672 -0.995503235583122 1.78699963936447 0.284182637562208
9.98999999999983 0.950646795002895 -0.992213892603488 1.55137576968576 0.373636617479741
9.99999999999983 0.964966028491891 -0.98803162409294 1.31187426852372 0.462754349661257
