0 0 0 7.07106781186548 7.07106781186547
0.001 0.00705694451358145 0.00705205104038666 7.04284003381115 7.03305960770393
0.002 0.0140857176294658 0.0140661697917662 7.01472494134761 6.99520313269841
0.003 0.021086431808173 0.0210425076802406 6.98672208463278 6.95749778114451
0.004 0.028059199061279 0.0279812155274168 6.95883101562036 6.91994294975581
0.005 0.0350041309532089 0.0348824435528213 6.93105128805264 6.88253803765419
0.006 0.0419213386030208 0.0417463413763013 6.90338245745339 6.84528244636027
0.007 0.0488109326861849 0.0485730580204212 6.87582408112074 6.80817557978379
0.008 0.0556730234363533 0.0553627419128448 6.84837571812006 6.7712168442141
0.009 0.0625077206471246 0.0621155408887117 6.82103692927698 6.73440564831063
0.01 0.0693151336738001 0.0688316021930021 6.79380727717028 6.69774140309347
0.011 0.076095371435133 0.0755110724828919 6.76668632612494 6.66122352193391
0.012 0.0828485424150725 0.0821540978301008 6.73967364220519 6.62485142054507
0.013 0.0895747546644983 0.0887608237232285 6.71276879320748 6.58862451697256
0.014 0.0962741158029496 0.0953313950700819 6.68597134865368 6.55254223158515
0.015 0.102946733020348 0.101865956199996 6.65928087978408 6.51660398706549
0.016 0.109592713078711 0.108364650866139 6.63269695955063 6.48080920840092
0.017 0.116212162313861 0.114827622247818 6.60621916261003 6.4451573228742
0.018 0.122805186637128 0.121255012952765 6.57984706531696 6.40964776005442
0.019 0.129371891537041 0.127646965019419 6.55358024571731 6.3742799517878
0.02 0.135912382081019 0.134003619919204 6.5274182835414 6.33905333218866
0.021 0.142426762917049 0.140325118558785 6.50136076019728 6.30396733763033
0.022 0.148915138275365 0.146611601282328 6.47540725876402 6.26902140673616
0.023 0.15537761197011 0.152863207873742 6.44955736398503 6.23421498037051
0.024 0.161814287401002 0.159080077558919 6.42381066226147 6.1995475016298
0.025 0.168225267554984 0.165262349007959 6.39816674164554 6.16501841583364
0.026 0.174610655007876 0.171410160337388 6.37262519183397 6.13062717051592
0.027 0.180970551926014 0.177523649112372 6.34718560416142 6.09637321541598
0.028 0.187305060067883 0.183602952348914 6.32184757159394 6.06225600246982
0.029 0.193614280785749 0.189648206516047 6.29661068872248 6.02827498580129
0.03 0.199898315027278 0.195659547538019 6.27147455175636 5.9944296217134
0.031 0.206157263337153 0.201637110796468 6.24643875851686 5.9607193686796
0.032 0.212391225858679 0.207581031132584 6.22150290843076 5.92714368733514
0.033 0.21860030233539 0.213491442849273 6.19666660252392 5.89370204046838
0.034 0.224784592112641 0.219368479713301 6.17192944341491 5.86039389301227
0.035 0.230944194139203 0.225212274957434 6.14729103530866 5.82721871203574
0.036 0.237079206968837 0.231022961282574 6.12275098399013 5.79417596673518
0.037 0.243189728761881 0.236800670859878 6.09830889681795 5.76126512842596
0.038 0.249275857286813 0.242545535332875 6.07396438271822 5.72848567053397
0.039 0.25533768992182 0.248257685819571 6.04971705217819 5.69583706858719
0.04 0.261375323656353 0.253937252914549 6.02556651724006 5.66331880020728
0.041 0.267388855092681 0.259584366691054 6.00151239149475 5.63093034510126
0.042 0.273378380447434 0.265199156703081 5.97755429007574 5.59867118505315
0.043 0.279343995553147 0.270781751987441 5.95369182965289 5.56654080391571
0.044 0.285285795859789 0.276332281065831 5.92992462842632 5.53453868760215
0.045 0.29120387643629 0.281850871946886 5.90625230612032 5.50266432407793
0.046 0.297098331972067 0.28733765212823 5.88267448397721 5.47091720335255
0.047 0.302969256778533 0.292792748598517 5.85919078475134 5.43929681747141
0.048 0.308816744790612 0.298216287839457 5.83580083270303 5.40780266050765
0.049 0.314640889568236 0.303608395827846 5.81250425359253 5.37643422855409
0.05 0.320441784297845 0.308969198037581 5.7893006746741 5.34519101971515
0.051 0.326219521793879 0.314298819441662 5.76618972468996 5.31407253409883
0.052 0.331974194500261 0.319597384514198 5.74317103386443 5.28307827380868
0.053 0.337705894491878 0.324865017232396 5.72024423389797 5.25220774293589
0.054 0.343414713476051 0.330101841078544 5.69740895796127 5.2214604475513
0.055 0.349100742794005 0.335307979041987 5.67466484068945 5.19083589569752
0.056 0.354764073422333 0.340483553621097 5.65201151817614 5.16033359738109
0.057 0.360404795974443 0.345628686825228 5.6294486279677 5.12995306456456
0.058 0.366023000702018 0.350743500176674 5.6069758090574 5.09969381115878
0.059 0.371618777496453 0.355828114712611 5.58459270187966 5.06955535301503
0.06 0.377192215890296 0.360882650987032 5.56229894830429 5.03953720791735
0.061 0.38274340505868 0.365907229072676 5.54009419163076 5.00963889557477
0.062 0.38827243382075 0.370901968562954 5.51797807658248 4.97985993761366
0.063 0.393779390641085 0.375866988573855 5.49595024930114 4.95019985757005
0.064 0.39926436363111 0.380802407745858 5.47401035734103 4.92065818088204
0.065 0.404727440550512 0.385708344245828 5.45215804966343 4.89123443488216
0.066 0.410168708808637 0.390584915768904 5.43039297663093 4.86192814878986
0.067 0.415588255465893 0.395432239540389 5.4087147900019 4.83273885370392
0.068 0.420986167235142 0.400250432317617 5.38712314292491 4.80366608259501
0.069 0.426362530483089 0.405039610391829 5.36561768993312 4.77470937029816
0.07 0.431717431231659 0.409799889590027 5.34419808693884 4.74586825350536
0.071 0.43705095515938 0.414531385276834 5.32286399122796 4.71714227075814
0.0720000000000001 0.442363187602746 0.419234212356333 5.30161506145449 4.68853096244014
0.0730000000000001 0.447654213557591 0.42390848527391 5.28045095763511 4.66003387076983
0.0740000000000001 0.452924117680444 0.428554318018084 5.2593713411437 4.63165053979314
0.0750000000000001 0.458172984289882 0.433171824122329 5.23837587470595 4.60338051537616
0.0760000000000001 0.463400897367883 0.437761116666896 5.21746422239394 4.57522334519789
0.0770000000000001 0.468607940561168 0.442322308280613 5.19663604962081 4.54717857874302
0.0780000000000001 0.473794197182539 0.446855511142697 5.17589102313532 4.51924576729468
0.0790000000000001 0.478959750212213 0.451360836984543 5.15522881101663 4.4914244639273
0.0800000000000001 0.484104682299148 0.455838397091512 5.13464908266888 4.46371422349943
0.0810000000000001 0.489229075762367 0.460288302304714 5.11415150881601 4.43611460264662
0.0820000000000001 0.494333012592276 0.464710663022779 5.09373576149637 4.40862515977436
0.0830000000000001 0.499416574451973 0.469105589203626 5.07340151405759 4.38124545505097
0.0840000000000001 0.504479842678555 0.473473190366219 5.05314844115126 4.3539750504006
0.0850000000000001 0.509522898284422 0.477813575592323 5.03297621872779 4.32681350949618
0.0860000000000001 0.514545821958571 0.482126853528246 5.01288452403119 4.29976039775249
0.0870000000000001 0.51954869406789 0.486413132386579 4.99287303559392 4.27281528231916
0.0880000000000001 0.524531594658437 0.490672519947928 4.97294143323173 4.24597773207376
0.0890000000000001 0.529494603456728 0.494905123562636 4.95308939803856 4.21924731761493
0.0900000000000001 0.534437799871012 0.499111050152505 4.93331661238143 4.19262361125545
0.0910000000000001 0.539361262992535 0.503290406212502 4.91362275989534 4.16610618701547
0.0920000000000001 0.544265071596811 0.507443297812464 4.89400752547823 4.13969462061562
0.0930000000000001 0.549149304144885 0.511569830598799 4.87447059528593 4.11338848947028
0.0940000000000001 0.554014038784581 0.515670109796171 4.85501165672715 4.08718737268079
0.0950000000000001 0.558859353351756 0.519744240209188 4.83563039845845 4.06109085102872
0.0960000000000001 0.563685325371547 0.523792326224074 4.81632651037929 4.03509850696918
0.0970000000000001 0.56849203205961 0.527814471810346 4.79709968362704 4.00920992462409
0.0980000000000001 0.573279550323353 0.53181078052247 4.77794961057206 3.9834246897756
0.0990000000000001 0.578047956763172 0.535781355501523 4.75887598481279 3.95774238985938
0.1 0.582797327673671 0.539726299476842 4.73987850117079 3.93216261395811
0.101 0.587527739044886 0.543645714767667 4.72095685568593 3.90668495279481
0.102 0.5922392665635 0.547539703284778 4.70211074561148 3.88130899872636
0.103 0.596931985614053 0.551408366532128 4.68333986940926 3.85603434573696
0.104 0.601605971280151 0.555251805608462 4.66464392674487 3.83086058943162
0.105 0.606261298345664 0.559070121208941 4.64602261848282 3.80578732702971
0.106 0.610898041295924 0.562863413626747 4.62747564668178 3.78081415735848
0.107 0.615516274318917 0.566631782754694 4.60900271458981 3.7559406808467
0.108 0.620116071306471 0.570375328086818 4.59060352663959 3.7311664995182
0.109 0.624697505855434 0.574094148719978 4.57227778844374 3.70649121698556
0.11 0.629260651268859 0.577788343355435 4.55402520679004 3.68191443844373
0.111 0.633805580557169 0.581458010300435 4.5358454896368 3.65743577066373
0.112 0.638332366439328 0.585103247469779 4.51773834610816 3.63305482198636
0.113 0.642841081344009 0.588724152387393 4.49970348648944 3.6087712023159
0.114 0.647331797410745 0.592320822187883 4.4817406222225 3.58458452311394
0.115 0.651804586491089 0.595893353618097 4.46384946590112 3.56049439739308
0.116 0.656259520149763 0.599441843038665 4.44602973126642 3.53650043971081
0.117 0.6606966696658 0.602966386425547 4.42828113320228 3.51260226616329
0.118 0.665116106033686 0.606467079371563 4.41060338773073 3.48879949437922
0.119 0.669517899964498 0.609944017087928 4.39299621200748 3.46509174351376
0.12 0.673902121887033 0.613397294405771 4.37545932431734 3.44147863424239
0.121 0.678268841948935 0.616827005777657 4.35799244406974 3.41795978875485
0.122 0.682618130017817 0.620233245279092 4.34059529179421 3.39453483074911
0.123 0.686950055682383 0.623616106610033 4.32326758913594 3.37120338542534
0.124 0.691264688253535 0.626975683096385 4.30600905885134 3.34796507947993
0.125 0.695562096765486 0.630312067691498 4.28881942480353 3.32481954109948
0.126 0.699842349976864 0.633625352977647 4.27169841195802 3.30176639995489
0.127 0.704105516371812 0.636915631167519 4.25464574637823 3.2788052871954
0.128 0.708351664161082 0.64018299410569 4.23766115522115 3.25593583544272
0.129 0.712580861283131 0.643427533270087 4.22074436673295 3.23315767878513
0.13 0.716793175405203 0.646649339773459 4.20389511024466 3.21047045277164
0.131 0.720988673924413 0.64984850436483 4.18711311616782 3.18787379440615
0.132 0.725167423968826 0.653025117430955 4.17039811599017 3.16536734214165
0.133 0.729329492398534 0.656179268997763 4.15374984227134 3.14295073587442
0.134 0.733474945806719 0.659311048731798 4.1371680286386 3.12062361693828
0.135 0.737603850520725 0.662420545941656 4.12065240978258 3.09838562809885
0.136 0.741716272603115 0.66550784957941 4.10420272145302 3.07623641354783
0.137 0.74581227785273 0.668573048242036 4.08781870045456 3.05417561889733
0.138 0.749891931805741 0.671616230172831 4.07150008464251 3.03220289117415
0.139 0.753955299736699 0.674637483262824 4.05524661291868 3.01031787881418
0.14 0.758002446659578 0.677636895052179 4.03905802522716 2.98852023165676
0.141 0.762033437328814 0.680614552731601 4.02293406255022 2.96680960093907
0.142 0.766048336240344 0.683570543143731 4.0068744669041 2.94518563929055
0.143 0.770047207632636 0.686504952784529 3.99087898133493 2.92364800072736
0.144 0.774030115487718 0.689417867804665 3.9749473499146 2.90219634064682
0.145 0.777997123532201 0.692309374010893 3.95907931773667 2.8808303158219
0.146 0.781948295238298 0.695179556867426 3.94327463091228 2.85954958439577
0.147 0.785883693824841 0.698028501497305 3.92753303656611 2.83835380587626
0.148 0.78980338225829 0.700856292683755 3.91185428283231 2.81724264113045
0.149 0.793707423253745 0.703663014871549 3.8962381188505 2.79621575237928
0.15 0.797595879275945 0.706448752168353 3.8806842947617 2.77527280319206
0.151 0.801468812540268 0.709213588346077 3.8651925617044 2.75441345848117
0.152 0.80532628501373 0.71195760684221 3.84976267181055 2.73363738449664
0.153 0.809168358415973 0.714680890761158 3.83439437820158 2.71294424882084
0.154 0.812995094220253 0.717383522875576 3.81908743498446 2.69233372036317
0.155 0.816806553654425 0.720065585627686 3.80384159724778 2.67180546935473
0.156 0.82060279770192 0.722727161130603 3.7886566210578 2.65135916734306
0.157 0.824383887102725 0.725368331169643 3.77353226345457 2.6309944871869
0.158 0.828149882354351 0.727989177203636 3.75846828244807 2.61071110305093
0.159 0.831900843712801 0.730589780366226 3.74346443701427 2.59050869040057
0.16 0.835636831193539 0.733170221467171 3.72852048709132 2.57038692599679
0.161 0.839357904572443 0.735730580993638 3.71363619357571 2.55034548789092
0.162 0.843064123386766 0.738270939111484 3.69881131831841 2.53038405541954
0.163 0.846755546936089 0.740791375666546 3.68404562412112 2.51050230919929
0.164 0.850432234283267 0.743291970185916 3.66933887473241 2.49069993112181
0.165 0.854094244255377 0.745772801879211 3.65469083484397 2.47097660434863
0.166 0.857741635444655 0.748233949639843 3.64010127008686 2.4513320133061
0.167 0.861374466209439 0.750675492046281 3.62556994702772 2.43176584368035
0.168 0.864992794675099 0.753097507363309 3.61109663316508 2.41227778241224
0.169 0.868596678734967 0.755500073543275 3.59668109692561 2.39286751769238
0.17 0.872186176051265 0.757883268227341 3.58232310766042 2.37353473895611
0.171 0.875761344056026 0.760247168746726 3.56802243564137 2.35427913687857
0.172 0.879322239952016 0.762591852123941 3.55377885205741 2.33510040336971
0.173 0.882868920713644 0.764917395074021 3.5395921290109 2.31599823156939
0.174 0.886401443087877 0.767223874005757 3.52546203951397 2.29697231584244
0.175 0.889919863595151 0.769511365022912 3.51138835748487 2.27802235177383
0.176 0.893424238530267 0.771779943925444 3.49737085774441 2.2591480361637
0.177 0.896914623963299 0.774029686210716 3.48340931601228 2.24034906702261
0.178 0.900391075740489 0.776260667074704 3.46950350890352 2.22162514356666
0.179 0.90385364948514 0.778472961413203 3.45565321392492 2.20297596621266
0.18 0.907302400598504 0.780666643823021 3.44185820947146 2.18440123657339
0.181 0.910737384260674 0.782841788603176 3.42811827482278 2.16590065745277
0.182 0.914158655431462 0.784998469756083 3.41443319013963 2.14747393284114
0.183 0.917566268851278 0.787136760988739 3.40080273646036 2.12912076791052
0.184 0.920960279042012 0.789256735713901 3.38722669569743 2.11084086900987
0.185 0.924340740307897 0.791358467051263 3.37370485063389 2.09263394366042
0.186 0.927707706736386 0.793442027828622 3.36023698491993 2.07449970055098
0.187 0.931061232199015 0.795507490583049 3.34682288306942 2.05643784953328
0.188 0.934401370352262 0.797554927562044 3.33346233045643 2.0384481016173
0.189 0.937728174638408 0.799584410724693 3.32015511331184 2.0205301689667
0.19 0.941041698286394 0.801596011742824 3.3069010187199 2.00268376489418
0.191 0.944341994312667 0.803589802002147 3.29369983461481 1.98490860385689
0.192 0.947629115522036 0.805565852603402 3.28055134977733 1.96720440145186
0.193 0.95090311450851 0.807524234363493 3.26745535383144 1.9495708744115
0.194 0.954164043656142 0.809465017816622 3.25441163724091 1.93200774059899
0.195 0.957411955139867 0.811388273215418 3.24141999130601 1.9145147190038
0.196 0.960646900926341 0.81329407053206 3.22848020816011 1.89709152973723
0.197 0.963868932774762 0.815182479459399 3.21559208076643 1.87973789402788
0.198 0.967078102237712 0.81705356941207 3.20275540291463 1.86245353421719
0.199 0.970274460661968 0.818907409527604 3.1899699692176 1.84523817375506
0.2 0.973458059189334 0.820744068667535 3.17723557510814 1.82809153719533
0.201 0.976628948757454 0.822563615418501 3.16455201683566 1.81101335019147
0.202 0.979787180100629 0.824366118093341 3.15191909146296 1.79400333949211
0.203 0.982932803750629 0.826151644732188 3.13933659686296 1.77706123293672
0.204 0.986065870037497 0.827920263103559 3.12680433171549 1.76018675945124
0.205 0.989186429090363 0.829672040705438 3.11432209550403 1.74337964904372
0.206 0.992294530838236 0.831407044766356 3.10188968851253 1.72663963280005
0.207 0.995390225010812 0.833125342246467 3.08950691182223 1.70996644287961
0.208 0.998473561139264 0.83482699983862 3.07717356730842 1.69335981251099
0.209 1.00154458855703 0.836512083969426 3.06488945763734 1.67681947598777
0.21 1.00460335640063 0.838180660800317 3.05265438626296 1.6603451686642
0.211 1.0076499136104 0.839832796228612 3.04046815742389 1.64393662695102
0.212 1.01068430893132 0.841468555888566 3.0283305761402 1.62759358831121
0.213 1.01370659091379 0.843088005152418 3.01624144821033 1.6113157912558
0.214 1.01671680791437 0.844691209131445 3.00420058020798 1.59510297533969
0.215 1.01971500809662 0.846278232676997 2.992207779479 1.57895488115748
0.216 1.02270123943179 0.847849140381537 2.98026285413833 1.56287125033933
0.217 1.02567554969964 0.849403996579673 2.9683656130669 1.54685182554678
0.218 1.02863798648922 0.850942865349191 2.95651586590861 1.53089635046871
0.219 1.03158859719956 0.852465810512075 2.94471342306724 1.51500456981717
0.22 1.0345274290405 0.853972895635533 2.93295809570347 1.49917622932334
0.221 1.03745452903342 0.855464184033011 2.92124969573179 1.48341107573343
0.222 1.04036994401198 0.856939738765209 2.90958803581757 1.46770885680464
0.223 1.04327372062287 0.858399622641085 2.89797292937399 1.45206932130113
0.224 1.04616590532659 0.859843898218864 2.88640419055911 1.43649221899002
0.225 1.04904654439816 0.86127262780704 2.87488163427285 1.42097730063731
0.226 1.05191568392785 0.862685873465368 2.86340507615407 1.405524318004
0.227 1.05477336982197 0.86408369700586 2.85197433257759 1.39013302384203
0.228 1.05761964780355 0.865466159993778 2.84058922065128 1.37480317189036
0.229 1.06045456341309 0.866833323748608 2.8292495582131 1.35953451687104
0.23 1.06327816200932 0.868185249345053 2.8179551638282 1.34432681448526
0.231 1.06609048876986 0.869521997614004 2.80670585678604 1.32917982140946
0.232 1.068891588692 0.870843629143514 2.79550145709747 1.31409329529142
0.233 1.07168150659341 0.872150204279767 2.78434178549185 1.2990669947464
0.234 1.07446028711282 0.873441783128047 2.7732266634142 1.28410067935329
0.235 1.07722797471079 0.874718425553693 2.76215591302232 1.2691941096507
0.236 1.07998461367037 0.875980191183066 2.75112935718398 1.25434704713321
0.237 1.08273024809786 0.877227139404493 2.74014681947404 1.2395592542475
0.238 1.08546492192345 0.878459329369226 2.72920812417168 1.22483049438857
0.239 1.08818867890199 0.879676819992382 2.71831309625752 1.21016053189594
0.24 1.09090156261365 0.88087966995389 2.70746156141089 1.19554913204991
0.241 1.09360361646462 0.882067937699426 2.696653346007 1.18099606106777
0.242 1.09629488368782 0.883241681441353 2.68588827711418 1.16650108610006
0.243 1.09897540734359 0.884400959159647 2.6751661824911 1.15206397522688
0.244 1.10164523032037 0.88554582860283 2.664486890584 1.13768449745415
0.245 1.10430439533537 0.886676347288888 2.65385023052399 1.12336242270992
0.246 1.1069529449353 0.887792572506198 2.64325603212429 1.10909752184068
0.247 1.109590921497 0.888894561314439 2.63270412587749 1.09488956660772
0.248 1.11221836722815 0.889982370545506 2.62219434295287 1.08073832968345
0.249 1.11483532416795 0.891056056804425 2.61172651519368 1.06664358464777
0.25 1.11744183418776 0.892115676470249 2.60130047511444 1.05260510598448
0.251 1.12003793899179 0.893161285696969 2.59091605589831 1.0386226690776
0.252 1.12262368011778 0.894192940414407 2.58057309139434 1.02469605020784
0.253 1.12519909893765 0.895210696329112 2.57027141611488 1.01082502654902
0.254 1.12776423665814 0.896214608925253 2.56001086523292 0.99700937616446
0.255 1.13031913432152 0.897204733465506 2.54979127457941 0.98324887800345
0.256 1.1328638328062 0.898181124991936 2.53961248064069 0.969543311897731
0.257 1.13539837282741 0.89914383832688 2.52947432055584 0.955892458557952
0.258 1.13792279493785 0.900092928073826 2.51937663211408 0.94229609957017
0.259 1.14043713952832 0.901028448618281 2.50931925375218 0.92875401739235
0.26 1.1429414468284 0.901950454128646 2.49930202455188 0.915265995350888
0.261 1.14543575690705 0.902858998557082 2.48932478423728 0.901831817637144
0.262 1.14792010967328 0.903754135640371 2.47938737317234 0.888451269303988
0.263 1.1503945448768 0.904635918900778 2.46948963235826 0.875124136262361
0.264 1.15285910210862 0.905504401646906 2.45963140343099 0.86185020527785
0.265 1.15531382080171 0.906359636974549 2.44981252865864 0.848629263967277
0.266 1.15775874023162 0.907201677767543 2.44003285093901 0.835461100795298
0.267 1.16019389951711 0.908030576698613 2.43029221379705 0.822345505071022
0.268 1.16261933762078 0.908846386230209 2.42059046138236 0.809282266944637
0.269 1.1650350933497 0.909649158615355 2.41092743846669 0.796271177404054
0.27 1.167441205356 0.910438945898477 2.40130299044146 0.783312028271564
0.271 1.16983771213754 0.911215799916242 2.39171696331532 0.770404612200503
0.272 1.17222465203847 0.911979772298383 2.38216920371161 0.75754872267194
0.273 1.17460206324988 0.912730914468526 2.37265955886597 0.744744153991367
0.274 1.17696998381039 0.913469277645015 2.3631878766239 0.731990701285412
0.275 1.1793284516068 0.914194912841728 2.35375400543827 0.719288160498561
0.276 1.18167750437464 0.914907870868896 2.34435779436693 0.706636328389889
0.277 1.18401717969879 0.915608202333915 2.33499909307033 0.694035002529813
0.278 1.18634751501411 0.916295957642155 2.32567775180902 0.681483981296851
0.279 1.18866854760603 0.91697118699777 2.31639362144135 0.668983063874393
0.28 1.19098031461111 0.917633940404494 2.30714655342105 0.656532050247497
0.281 1.19328285301766 0.918284267666449 2.29793639979482 0.644130741199676
0.282 1.19557619966637 0.918922218388937 2.28876301320001 0.631778938309723
0.283 1.19786039125081 0.919547841979236 2.27962624686224 0.619476443948529
0.284 1.20013546431811 0.920161187647388 2.27052595459305 0.607223061275919
0.285 1.20240145526948 0.920762304406991 2.26146199078757 0.59501859423751
0.286 1.20465840036082 0.921351241075976 2.25243421042218 0.58286284756157
0.287 1.20690633570331 0.921928046277395 2.24344246905222 0.570755626755892
0.288 1.20914529726396 0.922492768440197 2.23448662280962 0.558696738104685
0.289 1.2113753208662 0.9230454558 2.22556652840066 0.546685988665473
0.29 1.21359644219046 0.923586156399866 2.21668204310363 0.534723186266009
0.291 1.21580869677473 0.924114918091068 2.20783302476657 0.522808139501199
0.292 1.21801212001511 0.924631788533858 2.19901933180502 0.510940657730041
0.293 1.22020674716645 0.925136815198225 2.19024082319968 0.499120551072574
0.294 1.22239261334281 0.925630045364658 2.18149735849425 0.487347630406838
0.295 1.2245697535181 0.926111526124905 2.17278879779308 0.475621707365853
0.296 1.22673820252661 0.926581304382718 2.16411500175904 0.463942594334599
0.297 1.22889799506357 0.927039426854614 2.15547583161119 0.452310104447018
0.298 1.23104916568571 0.927485940070612 2.14687114912263 0.440724051583024
0.299 1.23319174881181 0.927920890374987 2.13830081661825 0.429184250365525
0.3 1.23532577872323 0.928344323927005 2.12976469697256 0.417690516157454
0.301 1.23745128956451 0.928756286701663 2.12126265360745 0.406242665058818
0.302 1.23956831534385 0.929156824490429 2.11279455049006 0.394840513903757
0.303 1.24167688993373 0.929545982901966 2.10436025213055 0.383483880257609
0.304 1.24377704707138 0.92992380736287 2.09595962357996 0.372172582413992
0.305 1.24586882035935 0.930290343118393 2.08759253042807 0.3609064393919
0.306 1.24795224326607 0.930645635233167 2.07925883880119 0.349685270932805
0.307 1.25002734912634 0.930989728591925 2.0709584153601 0.338508897497771
0.308 1.25209417114191 0.931322667900222 2.06269112729783 0.327377140264586
0.309 1.25415274238197 0.931644497685144 2.0544568423376 0.316289821124895
0.31 1.2562030957837 0.931955262296029 2.04625542873068 0.305246762681356
0.311 1.2582452641528 0.932255005905168 2.03808675525427 0.294247788244799
0.312 1.26027928016401 0.932543772508518 2.02995069120943 0.283292721831398
0.313 1.26230517636163 0.932821605926404 2.02184710641895 0.272381388159856
0.314 1.26432298516004 0.933088549804217 2.01377587122531 0.261513612648603
0.315 1.26633273884423 0.933344647613119 2.00573685648856 0.250689221412998
0.316 1.26833446957029 0.933589942650731 1.99772993358431 0.239908041262549
0.317 1.27032820936597 0.933824478041831 1.98975497440161 0.229169899698146
0.318 1.27231399013113 0.934048296739044 1.98181185134096 0.218474624909294
0.319 1.27429184363832 0.934261441523526 1.9739004373122 0.207822045771368
0.32 1.27626180153323 0.93446395500565 1.96602060573255 0.197211991842874
0.321 1.27822389533524 0.934655879625687 1.95817223052453 0.186644293362724
0.322 1.28017815643787 0.934837257654489 1.95035518611398 0.176118781247515
0.323 1.28212461610937 0.93500813119416 1.94256934742801 0.165635287088831
0.324 1.28406330549311 0.935168542178733 1.93481458989304 0.155193643150541
0.325 1.28599425560817 0.935318532374838 1.92709078943279 0.144793682366118
0.326 1.2879174973498 0.935458143382376 1.91939782246628 0.134435238335969
0.327 1.2898330614899 0.935587416635176 1.91173556590587 0.124118145324768
0.328 1.29174097867754 0.935706393401666 1.90410389715531 0.113842238258806
0.329 1.29364127943944 0.93581511478553 1.89650269410771 0.103607352723353
0.33 1.29553399418045 0.935913621726363 1.88893183514369 0.0934133249600193
0.331 1.29741915318404 0.936001955000332 1.88139119912932 0.0832599918641446
0.332 1.2992967866128 0.936080155220822 1.87388066541427 0.073147190982183
0.333 1.30116692450891 0.936148262839092 1.86640011382985 0.063074760509104
0.334 1.3030295967946 0.936206318144917 1.85894942468707 0.0530425392858054
0.335 1.30488483327268 0.936254361267234 1.85152847877474 0.0430503667965345
0.336 1.30673266362698 0.936292432174789 1.84413715735756 0.0330980831663168
0.337 1.30857311742281 0.936320570676767 1.83677534217425 0.0231855291584018
0.338 1.31040622410747 0.936338816423439 1.8294429154356 0.0133125461717154
0.339 1.31223201301071 0.936347208906788 1.82213975982262 0.0034789762383185
0.34 1.3140505133452 0.936345787461147 1.81486575848467 -0.00631533797911787
0.341 1.31586175420697 0.936334591263825 1.80762079503758 -0.0160705531898295
0.342 1.31766576457593 0.936313659335735 1.80040475356176 -0.0257868254774687
0.343 1.31946257331626 0.936283030542018 1.79321751860042 -0.0354643103025989
0.344 1.32125220917696 0.936242743592664 1.78605897515762 -0.0451031625051836
0.345 1.32303470079224 0.936192837043134 1.77892900869653 -0.0547035363070645
0.346 1.32481007668199 0.936133349294974 1.77182750513753 -0.0642655853144261
0.347 1.32657836525226 0.936064318596432 1.76475435085642 -0.0737894625202573
0.348 1.32833959479573 0.935985783043067 1.75770943268256 -0.0832753203067962
0.349 1.33009379349209 0.93589778057836 1.75069263789712 -0.0927233104479699
0.35 1.33184098940856 0.935800348994324 1.74370385423124 -0.102133584111822
0.351 1.33358121050031 0.935693525932101 1.73674296986423 -0.111506291862932
0.352 1.33531448461092 0.935577348882574 1.72980987342178 -0.120841583664824
0.353 1.33704083947282 0.93545185518696 1.72290445397421 -0.130139608882366
0.354 1.3387603027077 0.935317082037408 1.71602660103466 -0.13940051628416
0.355 1.34047290182703 0.935173066477598 1.70917620455734 -0.148624454044922
0.356 1.34217866423243 0.935019845403331 1.70235315493575 -0.157811569747852
0.357 1.34387761721613 0.934857455563117 1.69555734300096 -0.166962010386998
0.358 1.34556978796141 0.934685933558769 1.68878866001982 -0.176075922369605
0.359 1.34725520354305 0.934505315845983 1.68204699769328 -0.18515345151846
0.36 1.34893389092772 0.934315638734924 1.67533224815458 -0.194194743074222
0.361 1.35060587697447 0.934116938390805 1.66864430396759 -0.20319994169775
0.362 1.3522711884351 0.933909250834471 1.66198305812507 -0.212169191472413
0.363 1.35392985195464 0.933692611942968 1.65534840404693 -0.2211026359064
0.364 1.35558189407173 0.933467057450121 1.64874023557856 -0.230000417935011
0.365 1.35722734121908 0.933232622947105 1.64215844698914 -0.238862679922948
0.366 1.35886621972389 0.932989343883017 1.63560293296991 -0.247689563666594
0.367 1.36049855580825 0.932737255565437 1.62907358863249 -0.256481210396276
0.368 1.36212437558956 0.932476393161 1.62257030950725 -0.265237760778529
0.369 1.36374370508098 0.932206791695954 1.61609299154157 -0.273959354918346
0.37 1.36535657019181 0.931928486056723 1.60964153109824 -0.28264613236142
0.371 1.36696299672793 0.931641510990462 1.60321582495374 -0.291298232096374
0.372 1.36856301039221 0.931345901105615 1.59681577029665 -0.29991579255699
0.373 1.37015663678488 0.931041690872473 1.59044126472594 -0.308498951624418
0.374 1.37174390140402 0.930728914623715 1.5840922062494 -0.317047846629387
0.375 1.37332482964588 0.930407606554968 1.57776849328195 -0.325562614354399
0.376 1.37489944680536 0.930077800725348 1.57147002464405 -0.334043391035919
0.377 1.37646777807635 0.929739531058007 1.56519669956008 -0.342490312366555
0.378 1.3780298485522 0.929392831340675 1.55894841765668 -0.350903513497229
0.379 1.37958568322606 0.929037735226203 1.55272507896123 -0.359283129039338
0.38 1.38113530699133 0.928674276233095 1.54652658390016 -0.36762929306691
0.381 1.38267874464201 0.928302487746055 1.54035283329743 -0.375942139118747
0.382 1.38421602087314 0.927922403016509 1.5342037283729 -0.384221800200563
0.383 1.38574716028118 0.927534055163146 1.52807917074075 -0.392468408787113
0.384 1.38727218736439 0.927137477172445 1.52197906240792 -0.400682096824309
0.385 1.38879112652323 0.926732701899202 1.51590330577257 -0.408862995731335
0.386 1.39030400206076 0.926319762067055 1.50985180362245 -0.417011236402749
0.387 1.39181083818302 0.925898690269012 1.50382445913339 -0.425126949210575
0.388 1.39331165899943 0.925469518967965 1.49782117586777 -0.43321026400639
0.389 1.39480648852314 0.925032280497219 1.49184185777291 -0.441261310123406
0.39 1.39629535067147 0.924587007061 1.4858864091796 -0.44928021637853
0.391 1.39777826926624 0.924133730734976 1.47995473480053 -0.457267111074434
0.392 1.39925526803417 0.923672483466768 1.4740467397288 -0.465222122001603
0.393 1.40072637060728 0.923203297076464 1.46816232943635 -0.473145376440383
0.394 1.40219160052325 0.922726203257121 1.46230140977249 -0.481037001163013
0.395 1.40365098122577 0.922241233575282 1.45646388696238 -0.488897122435656
0.396 1.40510453606499 0.921748419471473 1.45064966760553 -0.496725866020422
0.397 1.40655228829779 0.921247792260712 1.44485865867432 -0.504523357177374
0.398 1.40799426108825 0.920739383133003 1.43909076751246 -0.512289720666538
0.399 1.40943047750797 0.920223223153842 1.43334590183359 -0.520025080749895
0.4 1.41086096053644 0.919699343264711 1.42762396971972 -0.52772956119337
0.401 1.41228573306141 0.919167774283572 1.42192487961983 -0.535403285268817
0.402 1.41370481787928 0.918628546905363 1.41624854034834 -0.543046375755982
0.403 1.41511823769544 0.918081691702487 1.41059486108372 -0.550658954944478
0.404 1.41652601512463 0.917527239125302 1.40496375136696 -0.558241144635734
0.405 1.41792817269132 0.916965219502604 1.3993551211002 -0.565793066144947
0.406 1.41932473283006 0.916395663042123 1.39376888054523 -0.573314840303022
0.407 1.42071571788585 0.915818599830994 1.38820494032208 -0.580806587458505
0.408 1.42210115011447 0.915234059836246 1.38266321140759 -0.588268427479512
0.409 1.42348105168287 0.914642072905278 1.37714360513398 -0.595700479755641
0.41 1.42485544466951 0.91404266876634 1.37164603318743 -0.603102863199888
0.411 1.4262243510647 0.913435877029004 1.36617040760667 -0.610475696250546
0.412 1.42758779277097 0.912821727184643 1.36071664078158 -0.6178190968731
0.413 1.42894579160343 0.912200248606897 1.35528464545177 -0.625133182562118
0.414 1.43029836929007 0.911571470552149 1.34987433470521 -0.632418070343126
0.415 1.43164554747217 0.910935422159989 1.34448562197679 -0.639673876774485
0.416 1.43298734770462 0.910292132453681 1.33911842104701 -0.646900717949252
0.417 1.43432379145624 0.909641630340628 1.33377264604053 -0.65409870949704
0.418 1.43565490011016 0.908983944612835 1.32844821142485 -0.661267966585867
0.419 1.43698069496415 0.908319103947368 1.32314503200888 -0.668408603924
0.42 1.43830119723095 0.907647136906815 1.31786302294166 -0.675520735761789
0.421 1.43961642803864 0.906968071939741 1.31260209971091 -0.682604475893494
0.422 1.44092640843093 0.906281937381145 1.30736217814177 -0.689659937659109
0.423 1.44223115936753 0.905588761452911 1.30214317439537 -0.696687233946173
0.424 1.44353070172449 0.904888572264262 1.29694500496753 -0.703686477191575
0.425 1.44482505629451 0.904181397812207 1.29176758668744 -0.710657779383358
0.426 1.44611424378729 0.903467265981994 1.2866108367163 -0.717601252062505
0.427 1.44739828482987 0.90274620454755 1.28147467254599 -0.724517006324728
0.428 1.44867719996692 0.902018241171928 1.27635901199778 -0.731405152822241
0.429 1.44995100966112 0.901283403407752 1.271263773221 -0.738265801765536
0.43 1.45121973429344 0.900541718697653 1.2661888746917 -0.745099062925142
0.431 1.45248339416352 0.899793214374714 1.26113423521141 -0.751905045633384
0.432 1.45374200948992 0.8990379176629 1.25609977390579 -0.75868385878613
0.433 1.45499560041053 0.898275855677501 1.25108541022335 -0.765435610844535
0.434 1.45624418698283 0.897507055425562 1.24609106393416 -0.772160409836776
0.435 1.45748778918422 0.896731543806313 1.24111665512858 -0.778858363359781
0.436 1.45872642691238 0.895949347611604 1.23616210421596 -0.785529578580948
0.437 1.45996011998553 0.895160493526334 1.23122733192337 -0.792174162239863
0.438 1.46118888814278 0.89436500812887 1.22631225929436 -0.798792220650008
0.439 1.46241275104445 0.893562917891482 1.22141680768767 -0.805383859700458
0.44 1.46363172827238 0.892754249180762 1.21654089877595 -0.811949184857577
0.441 1.46484583933023 0.891939028258045 1.21168445454457 -0.818488301166709
0.442 1.46605510364379 0.891117281279831 1.2068473972903 -0.825001313253854
0.443 1.46725954056133 0.890289034298204 1.20202964962015 -0.831488325327345
0.444 1.46845916935386 0.889454313261246 1.19723113445002 -0.837949441179512
0.445 1.46965400921547 0.888613144013455 1.19245177500359 -0.844384764188348
0.446 1.47084407926362 0.887765552296157 1.187691494811 -0.850794397319158
0.447 1.47202939853945 0.88691156374792 1.18295021770767 -0.857178443126208
0.448 1.47320998600811 0.88605120390496 1.17822786783305 -0.863537003754369
0.449 1.47438586055901 0.885184498201554 1.17352436962945 -0.869870180940745
0.45 1.47555704100617 0.884311471970444 1.16883964784081 -0.876178076016306
0.451 1.4767235460885 0.883432150443245 1.16417362751146 -0.882460789907509
0.452 1.47788539447012 0.882546558750845 1.15952623398499 -0.888718423137909
0.453 1.47904260474062 0.881654721923811 1.154897392903 -0.894951075829772
0.454 1.48019519541538 0.880756664892786 1.15028703020394 -0.901158847705674
0.455 1.4813431849359 0.879852412488892 1.1456950721219 -0.907341838090098
0.456 1.48248659167001 0.878941989444123 1.14112144518545 -0.913500145911021
0.457 1.48362543391225 0.878025420391743 1.13656607621647 -0.919633869701499
0.458 1.48475972988413 0.877102729866679 1.13202889232895 -0.925743107601245
0.459 1.4858894977344 0.876173942305916 1.12750982092787 -0.931827957358196
0.46 1.48701475553938 0.875239082048887 1.12300878970797 -0.937888516330076
0.461 1.4881355213032 0.874298173337858 1.11852572665266 -0.943924881485959
0.462 1.48925181295816 0.873351240318322 1.11406056003285 -0.949937149407817
0.463 1.49036364836493 0.872398307039384 1.10961321840576 -0.955925416292063
0.464 1.49147104531291 0.871439397454142 1.10518363061383 -0.961889777951097
0.465 1.49257402152047 0.870474535420076 1.10077172578358 -0.967830329814831
0.466 1.49367259463527 0.869503744699423 1.09637743332442 -0.973747166932223
0.467 1.49476678223447 0.868527048959566 1.09200068292758 -0.979640383972793
0.468 1.49585660182513 0.867544471773402 1.08764140456496 -0.985510075228138
0.469 1.49694207084436 0.866556036619729 1.08329952848802 -0.991356334613444
0.47 1.49802320665971 0.865561766883614 1.07897498522665 -0.997179255668987
0.471 1.49910002656935 0.864561685856774 1.07466770558806 -1.00297893156163
0.472 1.50017254780245 0.863555816737943 1.07037762065568 -1.0087554550863
0.473 1.50124078751935 0.862544182633245 1.06610466178807 -1.01450891866751
0.474 1.50230476281192 0.861526806556567 1.06184876061779 -1.0202394143608
0.475 1.50336449070378 0.86050371142992 1.05760984905034 -1.02594703385421
0.476 1.50441998815061 0.859474920083813 1.05338785926303 -1.03163186846978
0.477 1.50547127204038 0.858440455257616 1.04918272370394 -1.03729400916499
0.478 1.50651835919367 0.857400339599921 1.04499437509081 -1.04293354653421
0.479 1.50756126636387 0.856354595668908 1.04082274640998 -1.04855057081016
0.48 1.50860001023754 0.855303245932704 1.0366677709153 -1.05414517186534
0.481 1.5096346074346 0.854246312769743 1.03252938212706 -1.0597174392135
0.482 1.51066507450863 0.853183818469123 1.02840751383097 -1.06526746201102
0.483 1.51169142794711 0.852115785230967 1.02430210007704 -1.0707953290584
0.484 1.51271368417173 0.85104223516677 1.02021307517856 -1.07630112880161
0.485 1.51373185953861 0.849963190299763 1.01614037371105 -1.08178494933358
0.486 1.51474597033857 0.848878672565256 1.01208393051119 -1.08724687839555
0.487 1.51575603279741 0.847788703810994 1.00804368067582 -1.09268700337851
0.488 1.51676206307616 0.846693305797507 1.00401955956084 -1.09810541132456
0.489 1.51776407727131 0.845592500198456 1.00001150278023 -1.10350218892835
0.49 1.51876209141512 0.844486308600978 0.996019446204998 -1.10887742253844
0.491 1.51975612147583 0.843374752506038 0.992043325962156 -1.11423119815868
0.492 1.52074618335795 0.842257853328767 0.988083078433693 -1.1195636014496
0.493 1.52173229290248 0.841135632398806 0.984138640255564 -1.12487471772975
0.494 1.5227144658872 0.840008110960648 0.980209948316674 -1.13016463197712
0.495 1.5236927180269 0.838875310173979 0.976296939757868 -1.13543342883045
0.496 1.52466706497364 0.837737251114014 0.972399551970927 -1.14068119259059
0.497 1.52563752231698 0.836593954771837 0.968517722597561 -1.14590800722188
0.498 1.52660410558426 0.835445442054733 0.964651389528418 -1.15111395635346
0.499 1.52756683024085 0.834291733786528 0.960800490902087 -1.15629912328064
0.5 1.52852571169034 0.833132850707916 0.956964965104108 -1.16146359096619
0.501 1.52948076527487 0.831968813476795 0.953144750765986 -1.16660744204171
0.502 1.53043200627532 0.830799642668598 0.949339786764209 -1.17173075880892
0.503 1.53137944991155 0.829625358776618 0.945550012219274 -1.176833623241
0.504 1.53232311134269 0.828445982212342 0.941775366494705 -1.1819161169839
0.505 1.53326300566735 0.827261533305771 0.938015789196092 -1.18697832135761
0.506 1.53419914792384 0.826072032305748 0.934271220170117 -1.19202031735752
0.507 1.53513155309047 0.824877499380285 0.930541599503596 -1.19704218565567
0.508 1.53606023608574 0.823677954616884 0.926826867522518 -1.20204400660206
0.509 1.5369852117686 0.822473418022852 0.923126964791093 -1.20702586022594
0.51 1.53790649493867 0.821263909525632 0.919441832110798 -1.21198782623706
0.511 1.53882410033651 0.820049448973115 0.915771410519432 -1.21692998402699
0.512 1.53973804264383 0.818830056133957 0.912115641290171 -1.22185241267036
0.513 1.54064833648371 0.8176057506979 0.908474465930628 -1.22675519092613
0.514 1.54155499642089 0.816376552276083 0.904847826181921 -1.23163839723886
0.515 1.54245803696193 0.815142480401356 0.901235664017737 -1.23650210973995
0.516 1.54335747255552 0.813903554528596 0.897637921643403 -1.24134640624891
0.517 1.54425331759263 0.812659794035016 0.894054541494966 -1.24617136427459
0.518 1.5451455864068 0.811411218220472 0.890485466238265 -1.25097706101642
0.519 1.54603429327436 0.810157846307777 0.886930638768021 -1.25576357336564
0.52 1.54691945241464 0.808899697443007 0.883390002206919 -1.26053097790656
0.521 1.54780107799019 0.807636790695804 0.879863499904697 -1.26527935091774
0.522 1.54867918410706 0.806369145059686 0.876351075437245 -1.27000876837327
0.523 1.54955378481495 0.805096779452349 0.872852672605695 -1.27471930594392
0.524 1.55042489410749 0.803819712715967 0.869368235435527 -1.2794110389984
0.525 1.55129252592245 0.802537963617498 0.865897708175673 -1.28408404260452
0.526 1.55215669414196 0.801251550848981 0.862441035297623 -1.28873839153045
0.527 1.55301741259273 0.799960493027837 0.858998161494535 -1.29337416024588
0.528 1.55387469504628 0.798664808697166 0.855569031680357 -1.29799142292319
0.529 1.55472855521913 0.797364516326042 0.852153590988939 -1.3025902534387
0.53 1.55557900677308 0.796059634309812 0.848751784773155 -1.30717072537378
0.531 1.55642606331536 0.794750180970389 0.845363558604034 -1.31173291201608
0.532 1.5572697383989 0.793436174556542 0.841988858269885 -1.3162768863607
0.533 1.55811004552251 0.792117633244195 0.838627629775432 -1.32080272111131
0.534 1.55894699813113 0.79079457513671 0.835279819340945 -1.32531048868137
0.535 1.55978060961602 0.789467018265182 0.831945373401387 -1.32980026119525
0.536 1.56061089331498 0.788134980588723 0.828624238605552 -1.33427211048942
0.537 1.56143786251257 0.786798479994756 0.825316361815211 -1.33872610811355
0.538 1.5622615304403 0.785457534299294 0.822021690104267 -1.34316232533171
0.539 1.56308191027689 0.784112161247232 0.818740170757901 -1.34758083312346
0.54 1.56389901514844 0.782762378512621 0.815471751271733 -1.35198170218501
0.541 1.56471285812862 0.781408203698964 0.812216379350982 -1.35636500293038
0.542 1.56552345223896 0.780049654339485 0.808974002909628 -1.36073080549247
0.543 1.56633081044897 0.778686747897419 0.805744570069579 -1.36507917972421
0.544 1.56713494567641 0.777319501766286 0.80252802915984 -1.36941019519967
0.545 1.56793587078745 0.77594793327017 0.799324328715689 -1.37372392121521
0.546 1.56873359859691 0.774572059663999 0.796133417477849 -1.37802042679053
0.547 1.56952814186845 0.773191898133818 0.792955244391673 -1.3822997806698
0.548 1.57031951331479 0.771807465797065 0.789789758606323 -1.38656205132279
0.549 1.57110772559788 0.770418779702846 0.78663690947396 -1.39080730694591
0.55 1.57189279132914 0.769025856832206 0.783496646548931 -1.39503561546335
0.551 1.57267472306963 0.767628714098401 0.780368919586961 -1.39924704452813
0.552 1.57345353333028 0.76622736834717 0.777253678544352 -1.40344166152321
0.553 1.57422923457207 0.764821836357003 0.774150873577181 -1.40761953356254
0.554 1.57500183920624 0.763412134839411 0.771060455040502 -1.41178072749218
0.555 1.57577135959448 0.761998280439193 0.767982373487554 -1.4159253098913
0.556 1.57653780804913 0.760580289734698 0.764916579668965 -1.42005334707332
0.557 1.57730119683338 0.759158179238099 0.761863024531969 -1.42416490508693
0.558 1.57806153816146 0.757731965395649 0.758821659219618 -1.42826004971713
0.559 1.57881884419887 0.756301664587949 0.755792435070003 -1.43233884648633
0.56 1.5795731270625 0.754867293130207 0.752775303615473 -1.43640136065536
0.561 1.5803243988209 0.753428867272502 0.74977021658186 -1.44044765722454
0.562 1.58107267149444 0.751986403200041 0.746777125887708 -1.4444778009347
0.563 1.58181795705549 0.750539917033422 0.743795983643501 -1.44849185626822
0.564 1.58256026742864 0.749089424828886 0.740826742150899 -1.45248988745007
0.565 1.58329961449087 0.74763494257858 0.737869353901977 -1.45647195844885
0.566 1.58403601007175 0.746176486210809 0.734923771578458 -1.46043813297777
0.567 1.58476946595363 0.744714071590292 0.731989948050963 -1.4643884744957
0.568 1.58549999387181 0.743247714518416 0.729067836378252 -1.4683230462082
0.569 1.58622760551475 0.74177743073349 0.726157389806477 -1.47224191106849
0.57 1.58695231252426 0.740303235910994 0.72325856176843 -1.4761451317785
0.571 1.58767412649567 0.73882514566383 0.720371305882801 -1.48003277078985
0.572 1.58839305897801 0.737343175542577 0.717495575953434 -1.48390489030484
0.573 1.58910912147422 0.735857341035731 0.714631325968589 -1.48776155227746
0.574 1.58982232544132 0.734367657569964 0.711778510100205 -1.49160281841439
0.575 1.59053268229058 0.732874140510358 0.708937082703167 -1.49542875017596
0.576 1.59124020338772 0.731376805160663 0.706106998314577 -1.49923940877718
0.577 1.59194490005311 0.729875666763531 0.703288211653023 -1.50303485518866
0.578 1.5926467835619 0.72837074050077 0.700480677617859 -1.50681515013761
0.579 1.59334586514425 0.72686204149358 0.69768435128848 -1.51058035410885
0.58 1.59404215598547 0.725349584802795 0.694899187923606 -1.51433052734571
0.581 1.59473566722623 0.723833385429129 0.692125142960563 -1.51806572985105
0.582 1.59542640996273 0.722313458313413 0.689362172014573 -1.52178602138818
0.583 1.59611439524686 0.720789818336831 0.686610230878042 -1.52549146148186
0.584 1.59679963408641 0.719262480321165 0.683869275519852 -1.52918210941919
0.585 1.5974821374452 0.717731459029026 0.68113926208466 -1.53285802425063
0.586 1.59816191624332 0.716196769164092 0.678420146892193 -1.5365192647909
0.587 1.59883898135723 0.714658425371345 0.675711886436548 -1.54016588961991
0.588 1.59951334361999 0.713116442237304 0.673014437385502 -1.54379795708375
0.589 1.60018501382142 0.711570834290259 0.670327756579811 -1.54741552529557
0.59 1.60085400270824 0.710021616000501 0.667651801032526 -1.55101865213653
0.591 1.60152032098429 0.708468801780557 0.664986527928301 -1.55460739525676
0.592 1.60218397931069 0.706912405985419 0.662331894622709 -1.5581818120762
0.593 1.60284498830598 0.705352442912772 0.659687858641561 -1.56174195978562
0.594 1.60350335854631 0.703788926803227 0.657054377680224 -1.56528789534744
0.595 1.60415910056563 0.702221871840545 0.654431409602948 -1.56881967549671
0.596 1.60481222485582 0.700651292151866 0.651818912442186 -1.57233735674199
0.597 1.60546274186689 0.699077201807933 0.649216844397929 -1.57584099536626
0.598 1.60611066200711 0.697499614823318 0.646625163837033 -1.5793306474278
0.599 1.60675599564323 0.695918545156651 0.644043829292552 -1.58280636876113
0.6 1.6073987531006 0.694334006710833 0.641472799463079 -1.58626821497786
0.601 1.60803894466335 0.692746013333268 0.638912033212083 -1.5897162414676
0.602 1.60867658057456 0.691154578816081 0.636361489567248 -1.59315050339885
0.603 1.60931167103641 0.689559716896338 0.633821127719823 -1.59657105571988
0.604 1.60994422621038 0.687961441256266 0.631290907023962 -1.59997795315959
0.605 1.61057425621735 0.686359765523473 0.628770786996081 -1.60337125022842
0.606 1.61120177113782 0.684754703271166 0.626260727314205 -1.60675100121919
0.607 1.61182678101204 0.683146268018367 0.623760687817328 -1.610117260208
0.608 1.61244929584018 0.681534473230129 0.621270628504762 -1.61347008105504
0.609 1.61306932558249 0.679919332317753 0.618790509535505 -1.61680951740554
0.61 1.61368688015947 0.678300858639003 0.616320291227603 -1.62013562269054
0.611 1.61430196945199 0.676679065498319 0.613859934057508 -1.62344845012781
0.612 1.61491460330151 0.675053966147026 0.611409398659454 -1.62674805272264
0.613 1.61552479151016 0.673425573783554 0.608968645824821 -1.63003448326875
0.614 1.61613254384099 0.671793901553642 0.606537636501513 -1.6333077943491
0.615 1.61673787001804 0.670158962550551 0.604116331793329 -1.63656803833673
0.616 1.61734077972653 0.668520769815276 0.601704692959341 -1.63981526739563
0.617 1.61794128261305 0.666879336336748 0.599302681413277 -1.64304953348152
0.618 1.61853938828564 0.665234675052052 0.596910258722901 -1.64627088834274
0.619 1.61913510631402 0.663586798846622 0.594527386609399 -1.64947938352102
0.62 1.61972844622968 0.661935720554456 0.592154026946765 -1.65267507035236
0.621 1.62031941752607 0.66028145295832 0.589790141761195 -1.65585799996781
0.622 1.62090802965875 0.658624008789948 0.587435693230476 -1.65902822329432
0.623 1.62149429204552 0.656963400730251 0.58509064368338 -1.66218579105553
0.624 1.6220782140666 0.655299641409516 0.582754955599065 -1.66533075377259
0.625 1.62265980506475 0.653632743407612 0.580428591606472 -1.66846316176498
0.626 1.62323907434544 0.651962719254186 0.578111514483727 -1.67158306515127
0.627 1.62381603117698 0.65028958142887 0.575803687157546 -1.67469051385001
0.628 1.62439068479071 0.648613342361473 0.573505072702644 -1.67778555758042
0.629 1.62496304438108 0.646934014432189 0.57121563434114 -1.68086824586329
0.63 1.62553311910588 0.645251609971786 0.568935335441972 -1.68393862802167
0.631 1.62610091808629 0.643566141261809 0.566664139520308 -1.68699675318177
0.632 1.62666645040713 0.641877620534776 0.564402010236965 -1.69004267027364
0.633 1.62722972511691 0.640186059974371 0.562148911397826 -1.69307642803202
0.634 1.62779075122805 0.638491471715641 0.559904806953263 -1.6960980749971
0.635 1.62834953771698 0.636793867845191 0.557669660997555 -1.69910765951529
0.636 1.62890609352429 0.635093260401373 0.55544343776832 -1.70210522974002
0.637 1.62946042755488 0.633389661374486 0.553226101645939 -1.70509083363247
0.638 1.63001254867812 0.63168308270696 0.551017617152986 -1.70806451896237
0.639 1.63056246572795 0.629973536293553 0.548817948953663 -1.71102633330874
0.64 1.63111018750306 0.628261033981539 0.546627061853231 -1.71397632406069
0.641 1.63165572276701 0.626545587570895 0.54444492079745 -1.71691453841811
0.642 1.63219908024836 0.624827208814495 0.542271490872017 -1.71984102339251
0.643 1.63274026864087 0.623105909418294 0.540106737302007 -1.72275582580771
0.644 1.63327929660354 0.621381701041518 0.537950625451315 -1.7256589923006
0.645 1.63381617276084 0.619654595296848 0.535803120822107 -1.72855056932192
0.646 1.6343509057028 0.617924603750607 0.533664189054262 -1.73143060313696
0.647 1.63488350398516 0.616191737922948 0.531533795924828 -1.73429913982632
0.648 1.6354139761295 0.614456009288029 0.529411907347467 -1.73715622528665
0.649 1.63594233062339 0.61271742927421 0.527298489371918 -1.74000190523137
0.65 1.63646857592051 0.610976009264226 0.525193508183448 -1.74283622519143
0.651 1.63699272044079 0.609231760595371 0.523096930102313 -1.74565923051601
0.652 1.63751477257056 0.607484694559681 0.52100872158322 -1.74847096637325
0.653 1.63803474066267 0.605734822404115 0.518928849214786 -1.75127147775099
0.654 1.63855263303662 0.603982155330734 0.51685727971901 -1.75406080945747
0.655 1.63906845797868 0.602226704496879 0.514793979950736 -1.75683900612205
0.656 1.63958222374209 0.600468481015352 0.512738916897124 -1.75960611219594
0.657 1.64009393854709 0.598707495954591 0.51069205767712 -1.76236217195289
0.658 1.64060361058114 0.596943760338851 0.508653369540934 -1.76510722948993
0.659 1.64111124799899 0.595177285148376 0.506622819869512 -1.76784132872803
0.66 1.64161685892286 0.593408081319577 0.504600376174016 -1.77056451341284
0.661 1.64212045144254 0.591636159745208 0.502586006095304 -1.77327682711536
0.662 1.64262203361552 0.58986153127454 0.50057967740341 -1.77597831323269
0.663 1.64312161346711 0.588084206713529 0.498581357997035 -1.77866901498864
0.664 1.64361919899061 0.586304196824997 0.496591015903023 -1.78134897543452
0.665 1.6441147981474 0.584521512328801 0.49460861927586 -1.78401823744973
0.666 1.64460841886708 0.582736163902003 0.492634136397157 -1.78667684374254
0.667 1.64510006904758 0.580948162179042 0.490667535675146 -1.7893248368507
0.668 1.64558975655533 0.579157517751905 0.488708785644174 -1.79196225914215
0.669 1.64607748922532 0.577364241170295 0.486757854964197 -1.79458915281571
0.67 1.6465632748613 0.575568342941801 0.484814712420284 -1.79720555990174
0.671 1.64704712123584 0.573769833532065 0.482879326922113 -1.79981152226279
0.672 1.6475290360905 0.57196872336495 0.480951667503474 -1.80240708159433
0.673 1.64800902713593 0.570165022822708 0.479031703321775 -1.80499227942536
0.674 1.64848710205198 0.568358742246144 0.477119403657548 -1.8075671571191
0.675 1.64896326848788 0.566549891934781 0.475214737913959 -1.81013175587365
0.676 1.64943753406229 0.56473848214703 0.473317675616314 -1.81268611672265
0.677 1.64990990636347 0.562924523100346 0.471428186411576 -1.81523028053591
0.678 1.6503803929494 0.561108024971399 0.469546240067879 -1.81776428802013
0.679 1.65084900134786 0.559288997896232 0.467671806474039 -1.82028817971946
0.68 1.6513157390566 0.557467451970425 0.46580485563908 -1.82280199601623
0.681 1.65178061354343 0.555643397249258 0.463945357691748 -1.82530577713156
0.682 1.65224363224636 0.553816843747867 0.462093282880037 -1.827799563126
0.683 1.65270480257369 0.551987801441411 0.46024860157071 -1.83028339390018
0.684 1.65316413190416 0.550156280265225 0.458411284248827 -1.83275730919543
0.685 1.65362162758705 0.548322290114984 0.456581301517271 -1.83522134859447
0.686 1.6540772969423 0.546485840846858 0.45475862409628 -1.83767555152196
0.687 1.65453114726063 0.544646942277673 0.452943222822975 -1.84011995724522
0.688000000000001 1.65498318580364 0.542805604185064 0.451135068650899 -1.84255460487479
0.689000000000001 1.65543341980398 0.540961836307635 0.449334132649546 -1.84497953336507
0.690000000000001 1.65588185646539 0.539115648345112 0.4475403860039 -1.84739478151498
0.691000000000001 1.65632850296287 0.537267049958502 0.445753800013979 -1.84980038796854
0.692000000000001 1.65677336644278 0.535416050770243 0.443974346094367 -1.8521963912155
0.693000000000001 1.65721645402293 0.53356266036436 0.442201995773763 -1.85458282959197
0.694000000000001 1.65765777279274 0.531706888286619 0.440436720694526 -1.85695974128101
0.695000000000001 1.65809732981331 0.529848744044681 0.438678492612216 -1.85932716431326
0.696000000000001 1.65853513211758 0.52798823710825 0.436927283395147 -1.86168513656753
0.697000000000001 1.65897118671039 0.526125376909228 0.435183065023932 -1.86403369577144
0.698000000000001 1.65940550056861 0.524260172841864 0.433445809591042 -1.86637287950199
0.699000000000001 1.65983808064128 0.522392634262905 0.431715489300353 -1.86870272518615
0.700000000000001 1.66026893384969 0.520522770491746 0.429992076466702 -1.87102327010151
0.701000000000001 1.66069806708751 0.51865059081058 0.428275543515447 -1.87333455137685
0.702000000000001 1.66112548722086 0.516776104464544 0.426565862982026 -1.87563660599271
0.703000000000001 1.66155120108849 0.514899320661868 0.424863007511512 -1.877929470782
0.704000000000001 1.66197521550182 0.513020248574025 0.423166949858182 -1.88021318243063
0.705000000000001 1.6623975372451 0.511138897335873 0.421477662885078 -1.88248777747802
0.706000000000001 1.66281817307548 0.509255276045803 0.419795119563571 -1.88475329231774
0.707000000000001 1.66323712972314 0.507369393765889 0.418119292972933 -1.88700976319809
0.708000000000001 1.66365441389139 0.505481259522024 0.416450156299902 -1.88925722622263
0.709000000000001 1.6640700322568 0.503590882304074 0.414787682838257 -1.89149571735083
0.710000000000001 1.66448399146927 0.501698271066014 0.413131845988385 -1.89372527239859
0.711000000000001 1.66489629815215 0.499803434726077 0.411482619256863 -1.89594592703884
0.712000000000001 1.66530695890236 0.497906382166894 0.409839976256027 -1.89815771680211
0.713000000000001 1.66571598029048 0.496007122235635 0.408203890703555 -1.90036067707707
0.714000000000001 1.66612336886086 0.494105663744152 0.406574336422042 -1.90255484311114
0.715000000000001 1.66652913113172 0.492202015469122 0.404951287338586 -1.90474025001102
0.716000000000001 1.66693327359528 0.490296186152185 0.403334717484366 -1.90691693274327
0.717000000000001 1.66733580271781 0.488388184500081 0.40172460099423 -1.90908492613485
0.718000000000001 1.6677367249398 0.486478019184797 0.40012091210628 -1.91124426487372
0.719000000000001 1.668136046676 0.4845656988437 0.39852362516146 -1.91339498350933
0.720000000000001 1.66853377431558 0.482651232079675 0.396932714603144 -1.91553711645323
0.721000000000001 1.66892991422219 0.480734627461264 0.39534815497673 -1.91767069797959
0.722000000000001 1.66932447273406 0.478815893522807 0.39376992092923 -1.91979576222576
0.723000000000001 1.66971745616415 0.476895038764571 0.392197987208865 -1.92191234319281
0.724000000000001 1.6701088708002 0.474972071652891 0.390632328664662 -1.9240204747461
0.725000000000001 1.67049872290486 0.473047000620305 0.389072920246051 -1.92612019061575
0.726000000000001 1.67088701871575 0.471119834065687 0.387519737002465 -1.92821152439728
0.727000000000001 1.67127376444563 0.469190580354385 0.385972754082937 -1.93029450955207
0.728000000000001 1.67165896628244 0.467259247818348 0.384431946735709 -1.93236917940792
0.729000000000001 1.67204263038941 0.465325844756269 0.38289729030783 -1.93443556715961
0.730000000000001 1.67242476290518 0.463390379433708 0.381368760244764 -1.93649370586936
0.731000000000001 1.67280536994387 0.461452860083233 0.379846332089999 -1.93854362846746
0.732000000000001 1.67318445759521 0.459513294904543 0.378329981484649 -1.9405853677527
0.733000000000001 1.6735620319246 0.457571692064607 0.376819684167075 -1.94261895639296
0.734000000000001 1.67393809897325 0.455628059697791 0.375315415972487 -1.9446444269257
0.735000000000001 1.67431266475823 0.453682405905988 0.37381715283256 -1.94666181175848
0.736000000000001 1.67468573527261 0.451734738758746 0.372324870775054 -1.94867114316952
0.737000000000001 1.67505731648551 0.449785066293405 0.370838545923423 -1.95067245330815
0.738000000000001 1.67542741434226 0.447833396515213 0.369358154496438 -1.95266577419538
0.739000000000001 1.67579603476442 0.445879737397465 0.367883672807804 -1.95465113772439
0.740000000000001 1.67616318364992 0.443924096881627 0.366415077265784 -1.95662857566104
0.741000000000001 1.67652886687316 0.44196648287746 0.364952344372817 -1.95859811964437
0.742000000000001 1.67689309028508 0.44000690326315 0.363495450725145 -1.96055980118713
0.743000000000001 1.67725585971326 0.438045365885435 0.36204437301244 -1.96251365167627
0.744000000000001 1.67761718096201 0.436081878559727 0.360599088017426 -1.96445970237344
0.745000000000001 1.67797705981249 0.434116449070239 0.359159572615514 -1.96639798441549
0.746000000000001 1.67833550202276 0.432149085170109 0.357725803774425 -1.96832852881497
0.747000000000001 1.67869251332791 0.430179794581525 0.356297758553828 -1.97025136646063
0.748000000000001 1.67904809944013 0.428208584995849 0.35487541410497 -1.97216652811793
0.749000000000001 1.67940226604879 0.426235464073737 0.353458747670307 -1.97407404442948
0.750000000000001 1.67975501882058 0.424260439445264 0.352047736583148 -1.97597394591559
0.751000000000001 1.68010636339955 0.422283518710046 0.350642358267284 -1.97786626297472
0.752000000000001 1.68045630540721 0.420304709437363 0.349242590236633 -1.97975102588398
0.753000000000001 1.68080485044265 0.418324019166275 0.347848410094877 -1.98162826479963
0.754000000000001 1.68115200408259 0.416341455405748 0.346459795535102 -1.98349800975752
0.755000000000001 1.68149777188151 0.414357025634772 0.345076724339447 -1.98536029067362
0.756000000000001 1.68184215937168 0.412370737302482 0.343699174378744 -1.98721513734446
0.757000000000001 1.68218517206333 0.410382597828271 0.342327123612163 -1.98906257944762
0.758000000000001 1.68252681544465 0.408392614601921 0.340960550086862 -1.99090264654222
0.759000000000001 1.68286709498196 0.406400794983708 0.339599431937637 -1.99273536806936
0.760000000000001 1.68320601611973 0.404407146304529 0.338243747386567 -1.99456077335265
0.761000000000001 1.6835435842807 0.402411675866014 0.336893474742672 -1.99637889159859
0.762000000000001 1.68387980486598 0.400414390940646 0.335548592401559 -1.99818975189712
0.763000000000001 1.6842146832551 0.398415298771876 0.334209078845084 -1.99999338322204
0.764000000000001 1.68454822480612 0.396414406574239 0.332874912640999 -2.00178981443149
0.765000000000001 1.68488043485571 0.394411721533469 0.331546072442619 -2.00357907426841
0.766000000000001 1.68521131871925 0.392407250806616 0.33022253698847 -2.005361191361
0.767000000000001 1.68554088169088 0.390401001522157 0.328904285101958 -2.00713619422316
0.768000000000001 1.68586912904361 0.388392980780112 0.327591295691024 -2.00890411125498
0.769000000000001 1.68619606602942 0.38638319565216 0.32628354774781 -2.01066497074317
0.770000000000001 1.68652169787929 0.384371653181748 0.32498102034832 -2.01241880086152
0.771000000000001 1.68684602980335 0.382358360384205 0.323683692652089 -2.01416562967135
0.772000000000001 1.68716906699091 0.380343324246857 0.322391543901846 -2.01590548512196
0.773000000000001 1.68749081461057 0.378326551729134 0.321104553423183 -2.01763839505107
0.774000000000001 1.68781127781031 0.376308049762685 0.319822700624224 -2.01936438718527
0.775000000000001 1.68813046171754 0.374287825251488 0.318545964995299 -2.02108348914048
0.776000000000001 1.68844837143922 0.372265885071961 0.317274326108609 -2.02279572842237
0.777000000000001 1.68876501206189 0.370242236073068 0.316007763617906 -2.0245011324268
0.778000000000001 1.68908038865183 0.368216885076436 0.314746257258162 -2.02619972844028
0.779000000000001 1.68939450625506 0.366189838876458 0.313489786845248 -2.02789154364036
0.780000000000001 1.68970736989747 0.364161104240402 0.312238332275612 -2.02957660509614
0.781000000000001 1.69001898458488 0.362130687908525 0.310991873525954 -2.03125493976863
0.782000000000001 1.69032935530314 0.360098596594174 0.309750390652906 -2.03292657451123
0.783000000000001 1.69063848701819 0.358064836983896 0.308513863792717 -2.03459153607012
0.784000000000001 1.69094638467614 0.356029415737547 0.30728227316093 -2.03624985108472
0.785000000000001 1.69125305320335 0.353992339488396 0.306055599052069 -2.03790154608811
0.786000000000001 1.69155849750654 0.351953614843231 0.304833821839322 -2.03954664750746
0.787000000000001 1.69186272247281 0.349913248382467 0.303616921974228 -2.0411851816644
0.788000000000001 1.69216573296978 0.347871246660249 0.302404879986362 -2.04281717477553
0.789000000000001 1.69246753384561 0.34582761620456 0.301197676483027 -2.04444265295277
0.790000000000001 1.69276812992913 0.343782363517319 0.299995292148942 -2.04606164220381
0.791000000000001 1.69306752602989 0.341735495074492 0.298797707745931 -2.0476741684325
0.792000000000001 1.69336572693821 0.339687017326193 0.297604904112619 -2.0492802574393
0.793000000000001 1.69366273742534 0.337636936696787 0.29641686216412 -2.05087993492168
0.794000000000001 1.69395856224343 0.335585259584992 0.295233562891741 -2.0524732264745
0.795000000000001 1.6942532061257 0.333531992363982 0.294054987362666 -2.05406015759046
0.796000000000001 1.69454667378645 0.331477141381491 0.292881116719661 -2.0556407536605
0.797000000000001 1.69483896992118 0.329420712959912 0.291711932180773 -2.05721503997418
0.798000000000001 1.69513009920661 0.327362713396398 0.290547415039022 -2.05878304172012
0.799000000000001 1.69542006630084 0.325303148962964 0.289387546662111 -2.06034478398639
0.800000000000001 1.69570887584334 0.323242025906588 0.288232308492119 -2.06190029176088
0.801000000000001 1.69599653245507 0.321179350449309 0.287081682045213 -2.06344958993177
0.802000000000001 1.69628304073853 0.319115128788328 0.285935648911344 -2.06499270328785
0.803000000000001 1.69656840527788 0.317049367096107 0.284794190753957 -2.06652965651896
0.804000000000001 1.69685263063894 0.314982071520467 0.283657289309698 -2.0680604742164
0.805000000000001 1.69713572136934 0.312913248184687 0.282524926388119 -2.06958518087328
0.806000000000001 1.69741768199852 0.310842903187601 0.28139708387139 -2.07110380088494
0.807000000000001 1.69769851703787 0.308771042603698 0.280273743714005 -2.07261635854933
0.808000000000001 1.69797823098074 0.306697672483217 0.279154887942499 -2.0741228780674
0.809000000000001 1.69825682830258 0.304622798852243 0.278040498655156 -2.0756233835435
0.810000000000001 1.69853431346094 0.302546427712807 0.276930558021723 -2.07711789898576
0.811000000000001 1.69881069089559 0.300468565042978 0.275825048283126 -2.07860644830644
0.812000000000001 1.69908596502857 0.298389216796961 0.274723951751185 -2.08008905532238
0.813000000000001 1.69936014026429 0.296308388905193 0.273627250808334 -2.0815657437553
0.814000000000001 1.69963322098954 0.294226087274434 0.272534927907333 -2.08303653723227
0.815000000000001 1.69990521157362 0.292142317787868 0.271446965570992 -2.08450145928601
0.816000000000001 1.7001761163684 0.29005708630519 0.270363346391892 -2.08596053335529
0.817000000000001 1.70044593970834 0.287970398662703 0.269284053032101 -2.08741378278534
0.818000000000001 1.70071468591064 0.285882260673414 0.268209068222904 -2.08886123082819
0.819000000000001 1.70098235927524 0.283792678127122 0.26713837476452 -2.09030290064302
0.820000000000001 1.70124896408491 0.281701656790514 0.266071955525831 -2.09173881529659
0.821000000000001 1.70151450460534 0.279609202407257 0.265009793444107 -2.09316899776356
0.822000000000001 1.70177898508519 0.277515320698087 0.263951871524731 -2.09459347092688
0.823000000000001 1.70204240975614 0.275420017360906 0.262898172840931 -2.09601225757815
0.824000000000001 1.70230478283299 0.273323298070867 0.261848680533505 -2.097425380418
0.825000000000001 1.70256610851373 0.271225168480469 0.260803377810554 -2.09883286205641
0.826000000000001 1.70282639097957 0.269125634219647 0.259762247947211 -2.10023472501312
0.827000000000001 1.70308563439502 0.267024700895859 0.258725274285377 -2.10163099171797
0.828000000000001 1.70334384290801 0.26492237409418 0.257692440233451 -2.10302168451125
0.829000000000001 1.70360102064985 0.262818659377389 0.256663729266066 -2.10440682564409
0.830000000000001 1.70385717173541 0.260713562286057 0.255639124923825 -2.10578643727876
0.831000000000001 1.70411230026311 0.258607088338639 0.254618610813036 -2.10716054148909
0.832000000000001 1.70436641031501 0.256499243031558 0.253602170605453 -2.10852916026076
0.833000000000001 1.70461950595687 0.254390031839297 0.252589788038009 -2.10989231549172
0.834000000000001 1.70487159123823 0.252279460214484 0.251581446912562 -2.11125002899247
0.835000000000001 1.70512267019246 0.25016753358798 0.250577131095633 -2.11260232248645
0.836000000000001 1.70537274683683 0.248054257368966 0.249576824518147 -2.1139492176104
0.837000000000001 1.70562182517257 0.245939636945031 0.248580511175178 -2.11529073591466
0.838000000000001 1.70586990918495 0.243823677682255 0.247588175125691 -2.11662689886355
0.839000000000001 1.7061170028433 0.241706384925295 0.246599800492287 -2.11795772783571
0.840000000000001 1.70636311010113 0.239587763997477 0.245615371460953 -2.11928324412444
0.841000000000001 1.70660823489617 0.23746782020087 0.244634872280801 -2.12060346893801
0.842000000000001 1.70685238115041 0.235346558816383 0.243658287263825 -2.12191842340007
0.843000000000001 1.70709555277021 0.23322398510384 0.242685600784643 -2.12322812854989
0.844000000000001 1.70733775364631 0.231100104302068 0.241716797280251 -2.12453260534281
0.845000000000001 1.70757898765393 0.228974921628982 0.240751861249772 -2.12583187465046
0.846000000000001 1.70781925865282 0.226848442281666 0.239790777254209 -2.12712595726119
0.847000000000001 1.70805857048732 0.224720671436456 0.238833529916197 -2.12841487388036
0.848000000000001 1.70829692698643 0.222591614249027 0.23788010391976 -2.12969864513064
0.849000000000001 1.70853433196385 0.22046127585447 0.23693048401006 -2.13097729155241
0.850000000000001 1.70877078921808 0.218329661367378 0.235984654993158 -2.13225083360404
0.851000000000001 1.70900630253243 0.216196775881925 0.235042601735771 -2.13351929166223
0.852000000000001 1.70924087567511 0.214062624471952 0.234104309165026 -2.13478268602234
0.853000000000001 1.70947451239931 0.211927212191041 0.233169762268222 -2.1360410368987
0.854000000000001 1.70970721644322 0.209790544072604 0.232238946092588 -2.13729436442495
0.855000000000001 1.70993899153011 0.207652625129956 0.231311845745046 -2.13854268865436
0.856000000000001 1.71016984136838 0.205513460356402 0.230388446391971 -2.13978602956014
0.857000000000001 1.71039976965163 0.203373054725311 0.229468733258953 -2.14102440703578
0.858000000000001 1.71062878005873 0.201231413190201 0.228552691630562 -2.14225784089534
0.859000000000001 1.71085687625384 0.199088540684814 0.227640306850114 -2.14348635087379
0.860000000000001 1.71108406188651 0.196944442123195 0.226731564319431 -2.14470995662731
0.861000000000001 1.71131034059172 0.194799122399774 0.225826449498614 -2.14592867773363
0.862000000000001 1.71153571598992 0.192652586389442 0.224924947905807 -2.1471425336923
0.863000000000001 1.71176019168713 0.19050483894763 0.224027045116965 -2.14835154392505
0.864000000000001 1.71198377127496 0.188355884910385 0.223132726765624 -2.14955572777607
0.865000000000001 1.7122064583307 0.186205729094449 0.222241978542671 -2.15075510451233
0.866000000000001 1.71242825641734 0.184054376297335 0.221354786196117 -2.15194969332387
0.867000000000001 1.71264916908365 0.181901831297404 0.220471135530863 -2.15313951332415
0.868000000000001 1.71286919986425 0.179748098853944 0.219591012408482 -2.15432458355031
0.869000000000001 1.71308835227962 0.17759318370724 0.218714402746983 -2.15550492296349
0.870000000000001 1.71330662983622 0.175437090578658 0.217841292520595 -2.15668055044917
0.871000000000001 1.71352403602649 0.173279824170714 0.216971667759534 -2.15785148481739
0.872000000000001 1.71374057432892 0.17112138916715 0.216105514549786 -2.15901774480313
0.873000000000001 1.71395624820815 0.168961790233014 0.215242819032881 -2.16017934906659
0.874000000000001 1.71417106111495 0.166801032014728 0.214383567405672 -2.16133631619345
0.875000000000001 1.71438501648634 0.164639119140168 0.213527745920116 -2.1624886646952
0.876000000000001 1.71459811774561 0.162476056218733 0.212675340883049 -2.16363641300946
0.877000000000001 1.71481036830238 0.160311847841423 0.211826338655974 -2.16477957950022
0.878000000000001 1.71502177155266 0.158146498580909 0.210980725654836 -2.16591818245817
0.879000000000001 1.71523233087892 0.15598001299161 0.210138488349809 -2.16705224010097
0.880000000000001 1.7154420496501 0.153812395609763 0.20929961326508 -2.16818177057359
0.881000000000001 1.71565093122171 0.151643650953495 0.208464086978627 -2.16930679194851
0.882000000000001 1.71585897893587 0.149473783522898 0.207631896122013 -2.17042732222612
0.883000000000001 1.71606619612133 0.147302797800098 0.206803027380167 -2.17154337933493
0.884000000000001 1.71627258609358 0.145130698249331 0.20597746749117 -2.17265498113186
0.885000000000001 1.71647815215486 0.142957489317009 0.205155203246048 -2.17376214540257
0.886000000000001 1.71668289759423 0.140783175431796 0.204336221488554 -2.17486488986172
0.887000000000001 1.71688682568763 0.138607761004674 0.203520509114963 -2.17596323215323
0.888000000000001 1.7170899396979 0.13643125042902 0.20270805307386 -2.17705718985061
0.889000000000001 1.71729224287489 0.134253648080669 0.20189884036593 -2.17814678045721
0.890000000000001 1.71749373845543 0.132074958317991 0.201092858043754 -2.17923202140649
0.891000000000001 1.71769442966347 0.129895185481953 0.200290093211596 -2.18031293006235
0.892000000000001 1.71789431971007 0.127714333896198 0.199490533025202 -2.18138952371932
0.893000000000001 1.71809341179347 0.125532407867105 0.198694164691593 -2.18246181960295
0.894000000000001 1.71829170909915 0.123349411683863 0.197900975468857 -2.18352983486999
0.895000000000001 1.71848921479988 0.12116534961854 0.197110952665951 -2.18459358660869
0.896000000000001 1.71868593205575 0.118980225926148 0.196324083642493 -2.18565309183913
0.897000000000001 1.71888186401423 0.116794044844713 0.195540355808561 -2.18670836751339
0.898000000000001 1.71907701381025 0.114606810595345 0.194759756624493 -2.18775943051591
0.899000000000001 1.7192713845662 0.112418527382299 0.193982273600687 -2.18880629766373
0.900000000000001 1.71946497939202 0.110229199393051 0.193207894297396 -2.18984898570674
0.901000000000001 1.71965780138523 0.108038830798359 0.192436606324536 -2.19088751132797
0.902000000000001 1.719849853631 0.10584742575233 0.191668397341482 -2.19192189114385
0.903000000000001 1.72004113920215 0.103654988392488 0.190903255056875 -2.19295214170449
0.904000000000001 1.72023166115926 0.101461522839844 0.190141167228421 -2.19397827949391
0.905000000000001 1.72042142255069 0.0992670331989514 0.189382121662699 -2.19500032093034
0.906000000000001 1.72061042641263 0.0970715235579824 0.188626106214964 -2.19601828236646
0.907000000000001 1.72079867576913 0.0948749979887884 0.187873108788953 -2.19703218008969
0.908000000000001 1.7209861736322 0.092677460546966 0.18712311733669 -2.1980420303224
0.909000000000001 1.72117292300179 0.0904789152719205 0.186376119858296 -2.19904784922222
0.910000000000001 1.72135892686592 0.0882793661869337 0.185632104401797 -2.20004965288227
0.911000000000001 1.72154418820064 0.0860788172992257 0.184891059062927 -2.20104745733144
0.912000000000001 1.72172870997013 0.0838772726000192 0.184152971984947 -2.20204127853461
0.913000000000001 1.72191249512676 0.081674736064604 0.183417831358448 -2.20303113239295
0.914000000000001 1.72209554661108 0.0794712116524012 0.182685625421163 -2.20401703474414
0.915000000000001 1.72227786735192 0.0772667033070258 0.181956342457782 -2.20499900136264
0.916000000000001 1.72245946026643 0.075061214956349 0.181229970799762 -2.20597704795993
0.917000000000001 1.72264032826008 0.0728547505125627 0.180506498825141 -2.20695119018478
0.918000000000001 1.72282047422678 0.0706473138722408 0.179785914958353 -2.2079214436235
0.919000000000001 1.72299990104886 0.0684389089164026 0.179068207670039 -2.20888782380014
0.920000000000001 1.72317861159715 0.0662295395105734 0.178353365476868 -2.20985034617683
0.921000000000001 1.72335660873103 0.0640192095048482 0.177641376941349 -2.21080902615393
0.922000000000001 1.72353389529846 0.0618079227339514 0.176932230671651 -2.21176387907034
0.923000000000001 1.72371047413601 0.0595956830173008 0.176225915321418 -2.21271492020374
0.924000000000001 1.72388634806897 0.0573824941590657 0.17552241958959 -2.2136621647708
0.925000000000001 1.72406151991131 0.0551683599482287 0.17482173222022 -2.21460562792745
0.926000000000001 1.72423599246579 0.0529532841586486 0.174123842002295 -2.21554532476913
0.927000000000001 1.72440976852398 0.0507372705491167 0.173428737769557 -2.216481270331
0.928000000000001 1.72458285086629 0.0485203228634208 0.172736408400323 -2.21741347958822
0.929000000000001 1.72475524226204 0.0463024448304026 0.172046842817308 -2.21834196745614
0.930000000000001 1.72492694546951 0.0440836401640188 0.171360029987449 -2.21926674879061
0.931000000000001 1.72509796323594 0.0418639125633993 0.170675958921725 -2.22018783838813
0.932000000000001 1.72526829829762 0.039643265712908 0.169994618674985 -2.22110525098617
0.933000000000001 1.72543795337993 0.0374217032822006 0.16931599834577 -2.22201900126333
0.934000000000001 1.72560693119733 0.0351992289262815 0.168640087076141 -2.22292910383966
0.935000000000001 1.72577523445349 0.0329758462855669 0.167966874051503 -2.2238355732768
0.936000000000001 1.72594286584126 0.0307515589859388 0.167296348500433 -2.22473842407829
0.937000000000001 1.72610982804274 0.0285263706388061 0.166628499694508 -2.22563767068976
0.938000000000001 1.72627612372934 0.0263002848411595 0.165963316948133 -2.22653332749917
0.939000000000001 1.72644175556178 0.024073305175631 0.165300789618369 -2.22742540883706
0.940000000000001 1.72660672619018 0.0218454352105506 0.164640907104766 -2.22831392897674
0.941000000000001 1.72677103825407 0.0196166785000043 0.163983658849189 -2.22919890213455
0.942000000000001 1.72693469438246 0.0173870385838883 0.163329034335652 -2.23008034247009
0.943000000000001 1.72709769719383 0.0151565189879697 0.162677023090148 -2.23095826408641
0.944000000000001 1.72726004929625 0.0129251232239391 0.162027614680485 -2.23183268103029
0.945000000000001 1.72742175328734 0.0106928547894691 0.161380798716113 -2.23270360729241
0.946000000000001 1.72758281175438 0.00845971716826943 0.160736564847963 -2.23357105680761
0.947000000000001 1.7277432272743 0.00622571383014225 0.16009490276828 -2.2344350434551
0.948000000000001 1.72790300241375 0.00399084823104001 0.159455802210456 -2.23529558105869
0.949000000000001 1.72806213972915 0.00175512381311638 0.158819252948869 -2.236152683387
0.950000000000001 1.72822064176669 -0.000481455995214208 0.158185244798718 -2.23700636415368
