0 0 0 7.07106781186548 7.07106781186548
0.001 0.00706753345617606 0.00706263508910085 7.0640002784093 7.05420517677637
0.002 0.0141280029114854 0.0141084159716212 7.05693980895399 7.03735939589385
0.003 0.0211814154263975 0.0211373594933421 7.04988639643908 7.02053045237213
0.004 0.0282277780543258 0.0281494824832092 7.04284003381115 7.00371832938227
0.005 0.0352670978416334 0.0351448017533466 7.03580071402384 6.98692301011213
0.006 0.0422993818276405 0.0421233340990748 7.02876843003784 6.9701444777664
0.007 0.049324637044632 0.0490850962989279 7.02174317482084 6.95338271556655
0.008 0.0563428705178633 0.0560301051146688 7.01472494134761 6.93663770675081
0.009 0.0633540892655691 0.0629583772913094 7.00771372259991 6.91990943457417
0.01 0.0703583002989676 0.0698699295571201 7.00070951156651 6.90319788230835
0.011 0.0773555106222718 0.0767647786236582 6.9937123012432 6.88650303324182
0.012 0.0843457272326921 0.0836429411857729 6.98672208463278 6.8698248706797
0.013 0.091328957120445 0.0905044339216267 6.97973885474503 6.85316337794385
0.014 0.0983052072687618 0.0973492734927152 6.97276260459671 6.83651853837276
0.015 0.105274484653893 0.104177476543879 6.96579332721158 6.8198903353216
0.016 0.112236796245116 0.110989059703322 6.95883101562036 6.80327875216215
0.017 0.119192149004744 0.117784039582629 6.95187566286073 6.78668377228285
0.018 0.12614054988813 0.124562432776783 6.94492726197735 6.77010537908869
0.019 0.133082005843675 0.131324255864176 6.9379858060218 6.7535435560013
0.02 0.140016523812836 0.138069525406634 6.93105128805264 6.73699828645884
0.021 0.146944110730131 0.144798257949427 6.92412370113535 6.72046955391605
0.022 0.153864773523147 0.151510470021289 6.91720303834233 6.70395734184419
0.023 0.160778519112549 0.158206178134434 6.91028929275293 6.68746163373104
0.024 0.167685354412083 0.164885398784572 6.90338245745339 6.6709824130809
0.025 0.174585286328584 0.171548148450924 6.89648252553689 6.65451966341455
0.026 0.181478321761985 0.178194443596242 6.88958949010349 6.63807336826923
0.027 0.188364467605321 0.18482430066682 6.88270334426015 6.62164351119866
0.028 0.19524373074474 0.19143773609252 6.87582408112074 6.60523007577295
0.029 0.202116118059504 0.198034766286777 6.86895169380597 6.5888330455787
0.03 0.208981636422002 0.204615407646622 6.86208617544347 6.57245240421885
0.031 0.215840292697753 0.211179676552698 6.85522751916772 6.55608813531278
0.032 0.222692093745413 0.217727589369276 6.84837571812006 6.5397402224962
0.033 0.229537046416785 0.224259162444271 6.84153076544869 6.5234086494212
0.034 0.236375157556821 0.230774412109256 6.83469265430865 6.50709339975622
0.035 0.243206434003633 0.237273354679482 6.82786137786184 6.490794457186
0.036 0.250030882588499 0.243756006453894 6.82103692927698 6.47451180541158
0.037 0.256848510135867 0.250222383715143 6.81421930172961 6.45824542815033
0.038 0.263659323463364 0.256672502729609 6.80740848840211 6.44199530913587
0.039 0.270463329381807 0.263106379747412 6.80060448248367 6.42576143211806
0.04 0.2772605346952 0.269524031002433 6.79380727717028 6.40954378086304
0.041 0.28405094620075 0.275925472712321 6.78701686566473 6.39334233915315
0.042 0.290834570688869 0.28231072107852 6.78023324117661 6.37715709078696
0.043 0.297611414943181 0.288679792286281 6.77345639692229 6.3609880195792
0.044 0.304381485740532 0.295032702504674 6.76668632612494 6.3448351093608
0.045 0.311144789850993 0.301369467886615 6.75992302201448 6.32869834397886
0.046 0.317901334037869 0.307690104568866 6.75316647782761 6.31257770729661
0.047 0.324651125057704 0.313994628672067 6.74641668680777 6.29647318319341
0.048 0.33139416966029 0.320283056300743 6.73967364220519 6.28038475556473
0.049 0.338130474588673 0.326555403543326 6.7329373372768 6.26431240832215
0.05 0.344860046579156 0.332811686472158 6.72620776528632 6.24825612539332
0.051 0.351582892361315 0.339051921143531 6.71948491950416 6.23221589072194
0.052 0.358299018657993 0.345276123597676 6.71276879320748 6.2161916882678
0.053 0.365008432185319 0.351484309858796 6.70605937968016 6.20018350200668
0.054 0.371711139652707 0.357676495935084 6.69935667221277 6.18419131593039
0.055 0.378407147762864 0.363852697818722 6.69266066410261 6.16821511404675
0.056 0.385096463211799 0.370012931485916 6.68597134865368 6.15225488037956
0.057 0.391779092688828 0.376157212896899 6.67928871917665 6.13631059896858
0.058 0.398455042876582 0.382285557995957 6.67261276898889 6.12038225386952
0.059 0.40512432045101 0.388397982711433 6.66594349141447 6.10446982915404
0.06 0.411786932081392 0.394494502955754 6.65928087978408 6.08857330890972
0.061 0.418442884430339 0.400575134625444 6.65262492743514 6.07269267724003
0.062 0.425092184153804 0.406639893601133 6.64597562771167 6.05682791826434
0.063 0.431734837901088 0.412688795747581 6.63933297396439 6.04097901611789
0.064 0.438370852314844 0.418721856913695 6.63269695955063 6.02514595495178
0.065 0.445000234031088 0.424739092932534 6.62606757783439 6.00932871893294
0.066 0.451622989679202 0.430740519621337 6.61944482218627 5.99352729224414
0.067 0.458239125881943 0.436726152781533 6.61282868598353 5.97774165908394
0.068 0.464848649255445 0.442696008198752 6.60621916261003 5.96197180366672
0.069 0.471451566409235 0.448650101642856 6.59961624545624 5.94621771022262
0.07 0.47804788394623 0.454588448867938 6.59301992791925 5.93047936299754
0.071 0.484637608462748 0.460511065612346 6.58643020340273 5.91475674625313
0.0720000000000001 0.491220746548512 0.466417967598695 6.57984706531696 5.89904984426678
0.0730000000000001 0.497797304786664 0.472309170533896 6.57327050707881 5.88335864133158
0.0740000000000001 0.504367289753761 0.478184690109146 6.56670052211171 5.86768312175633
0.0750000000000001 0.510930708019788 0.484044541999969 6.56013710384569 5.85202326986551
0.0760000000000001 0.517487566148164 0.489888741866217 6.55358024571731 5.83637906999926
0.0770000000000001 0.524037870695749 0.495717305352094 6.54702994116973 5.82075050651338
0.0780000000000001 0.530581628212847 0.501530248086161 6.54048618365263 5.80513756377931
0.0790000000000001 0.537118845243217 0.507327585681366 6.53394896662226 5.78954022618411
0.0800000000000001 0.543649528324075 0.513109333735044 6.5274182835414 5.77395847813043
0.0810000000000001 0.550173683986105 0.518875507828946 6.52089412787937 5.75839230403653
0.0820000000000001 0.556691318753465 0.524626123529248 6.51437649311201 5.74284168833623
0.0830000000000001 0.563202439143788 0.530361196386566 6.50786537272169 5.72730661547891
0.0840000000000001 0.569707051668197 0.536080741935974 6.50136076019728 5.7117870699295
0.0850000000000001 0.576205162831304 0.541784775697022 6.49486264903417 5.69628303616845
0.0860000000000001 0.58269677913122 0.54747331317374 6.48837103273426 5.68079449869174
0.0870000000000001 0.589181907059562 0.55314636985467 6.48188590480591 5.66532144201081
0.0880000000000001 0.59566055310146 0.558803961212868 6.47540725876402 5.64986385065261
0.0890000000000001 0.60213272373556 0.56444610270593 6.46893508812992 5.63442170915954
0.0900000000000001 0.608598425434032 0.570072809775997 6.46246938643144 5.61899500208948
0.0910000000000001 0.615057664662579 0.575684097849774 6.4560101472029 5.6035837140157
0.0920000000000001 0.621510447880441 0.581279982338555 6.44955736398503 5.58818782952692
0.0930000000000001 0.627956781540401 0.586860478638223 6.44311103032507 5.57280733322725
0.0940000000000001 0.634396672088795 0.592425602129279 6.43667113977668 5.5574422097362
0.0950000000000001 0.640830125965513 0.597975368176845 6.43023768589996 5.54209244368863
0.0960000000000001 0.647257149604008 0.603509792130688 6.42381066226147 5.52675801973479
0.0970000000000001 0.653677749431306 0.609028889325234 6.41739006243417 5.51143892254024
0.0980000000000001 0.660091931868007 0.614532675079582 6.41097587999747 5.49613513678589
0.0990000000000001 0.666499703328293 0.620021164697518 6.40456810853718 5.48084664716796
0.1 0.672901070219937 0.625494373467533 6.39816674164554 5.46557343839794
0.101 0.679296038944306 0.630952316662838 6.39177177292117 5.45031549520264
0.102 0.68568461589637 0.636395009541377 6.38538319596911 5.4350728023241
0.103 0.692066807464706 0.641822467345844 6.37900100440077 5.41984534451963
0.104 0.698442620031505 0.647234705303698 6.37262519183397 5.40463310656178
0.105 0.704812059972582 0.65263173862718 6.36625575189289 5.3894360732383
0.106 0.711175133657376 0.65801358251332 6.3598926782081 5.37425422935216
0.107 0.717531847448962 0.663380252143968 6.35353596441651 5.35908755972151
0.108 0.723882207704055 0.668731762685793 6.34718560416142 5.34393604917968
0.109 0.730226220773014 0.674068129290307 6.34084159109246 5.32879968257517
0.11 0.736563892999853 0.679389367093876 6.33450391886562 5.3136784447716
0.111 0.742895230722247 0.684695491217743 6.32817258114323 5.29857232064773
0.112 0.749220240271531 0.689986516768029 6.32184757159394 5.28348129509745
0.113 0.755538927972717 0.695262458835766 6.31552888389276 5.26840535302971
0.114 0.761851300144493 0.700523332496892 6.30921651172098 5.25334447936858
0.115 0.768157363099231 0.705769152812283 6.30291044876624 5.23829865905319
0.116 0.774457123142996 0.710999934827764 6.29661068872248 5.22326787703771
0.117 0.780750586575547 0.716215693574116 6.29031722528993 5.20825211829136
0.118 0.787037759690348 0.721416444067098 6.28403005217513 5.19325136779838
0.119 0.793318648774574 0.726602201307463 6.2777491630909 5.17826561055801
0.12 0.799593260109113 0.731772980280968 6.27147455175636 5.16329483158451
0.121 0.805861599968579 0.736928795958398 6.2652062118969 5.14833901590708
0.122 0.812123674621309 0.742069663295563 6.25894413724417 5.13339814856991
0.123 0.818379490329381 0.747195597233337 6.25268832153609 5.11847221463214
0.124 0.824629053348611 0.752306612697652 6.24643875851686 5.10356119916782
0.125 0.830872369928561 0.757402724599526 6.24019544193691 5.08866508726595
0.126 0.83710944631255 0.762483947835073 6.23395836555293 5.0737838640304
0.127 0.843340288737654 0.767550297285515 6.22772752312782 5.05891751457996
0.128 0.849564903434715 0.772601787817205 6.22150290843076 5.04406602404827
0.129 0.85578329662835 0.777638434281635 6.21528451523713 5.02922937758384
0.13 0.861995474536951 0.782660251515451 6.20907233732852 5.01440756035002
0.131 0.868201443372697 0.787667254340469 6.20286636849278 4.999600557525
0.132 0.874401209341558 0.7926594575637 6.19666660252392 4.98480835430177
0.133 0.8805947786433 0.797636875977343 6.19047303322218 4.97003093588813
0.134 0.886782157471494 0.80259952435882 6.18428565439398 4.95526828750666
0.135 0.892963352013518 0.80754741747078 6.17810445985196 4.94052039439469
0.136 0.899138368450566 0.812480570061116 6.17192944341491 4.92578724180436
0.137 0.905307212957657 0.817398996862984 6.16576059890782 4.91106881500249
0.138 0.911469891703636 0.822302712594812 6.15959792016184 4.89636509927066
0.139 0.91762641085118 0.827191731960314 6.1534414010143 4.88167607990516
0.14 0.923776776556811 0.832066069648514 6.14729103530866 4.86700174221696
0.141 0.929920994970894 0.836925740333748 6.14114681689458 4.85234207153173
0.142 0.93605907223765 0.841770758675692 6.13500873962783 4.83769705318978
0.143 0.942191014495153 0.846601139319361 6.12887679737032 4.82306667254611
0.144 0.94831682787535 0.851416896895141 6.12275098399013 4.80845091497033
0.145 0.954436518504051 0.856218046018786 6.11663129336142 4.79384976584669
0.146 0.960550092500949 0.86100460129145 6.11051771936453 4.77926321057402
0.147 0.966657555979619 0.865776577299689 6.10441025588586 4.76469123456578
0.148 0.972758915047524 0.870533988615478 6.09830889681795 4.75013382325
0.149 0.978854175806025 0.875276849796234 6.09221363605945 4.73559096206924
0.15 0.984943344350381 0.880005175384815 6.08612446751509 4.72106263648066
0.151 0.991026426769763 0.884718979909549 6.08004138509571 4.70654883195592
0.152 0.997103429147253 0.889418277884242 6.07396438271822 4.69204953398123
0.153 1.00317435755985 0.894103083808196 6.06789345430562 4.67756472805728
0.154 1.0092392180785 0.898773412166212 6.06182859378698 4.66309439969926
0.155 1.01529801676804 0.903429277428626 6.05576979509744 4.64863853443685
0.156 1.02135075968728 0.9080706940513 6.04971705217819 4.63419711781417
0.157 1.02739745288897 0.912697676475654 6.04367035897651 4.61977013538982
0.158 1.03343810241979 0.91731023912867 6.03762970944568 4.6053575727368
0.159 1.0394727143204 0.921908396422913 6.03159509754507 4.59095941544256
0.16 1.04550129462541 0.926492162756541 6.02556651724006 4.57657564910893
0.161 1.0515238493634 0.931061552513324 6.01954396250207 4.56220625935215
0.162 1.05754038455693 0.935616580062649 6.01352742730854 4.54785123180283
0.163 1.06355090622253 0.940157259759546 6.00751690564294 4.53351055210593
0.164 1.06955542037072 0.944683605944697 6.00151239149475 4.51918420592078
0.165 1.07555393300602 0.949195632944448 5.99551387885945 4.50487217892103
0.166 1.08154645012695 0.953693355070831 5.98952136173853 4.49057445679464
0.167 1.08753297772601 0.958176786621564 5.98353483413947 4.47629102524391
0.168 1.09351352178974 0.962645941880081 5.97755429007574 4.46202186998539
0.169 1.09948808829868 0.967100835115542 5.9715797235668 4.44776697674993
0.17 1.1054566832274 0.971541480582837 5.96561112863808 4.43352633128264
0.171 1.11141931254449 0.975967892522617 5.95964849932098 4.41929991934286
0.172 1.11737598221259 0.98038008516129 5.95369182965289 4.40508772670418
0.173 1.12332669818836 0.984778072711053 5.94774111367711 4.39088973915442
0.174 1.12927146642252 0.989161869369896 5.94179634544295 4.37670594249558
0.175 1.13521029285985 0.993531489321614 5.93585751900563 4.36253632254386
0.176 1.14114318343915 0.997886946735828 5.92992462842632 4.34838086512964
0.177 1.14707014409334 1.002228255768 5.92399766777213 4.33423955609747
0.178 1.15299118074936 1.00655543055944 5.91807663111611 4.32011238130604
0.179 1.15890629932827 1.01086848523732 5.91216151253721 4.30599932662816
0.18 1.16481550574516 1.01516743391469 5.90625230612032 4.29190037795078
0.181 1.17071880590926 1.01945229069052 5.90034900595622 4.27781552117496
0.182 1.17661620572386 1.02372306964965 5.89445160614162 4.26374474221583
0.183 1.18250771108636 1.02797978486287 5.88856010077912 4.24968802700261
0.184 1.18839332788827 1.03222245038688 5.88267448397721 4.23564536147859
0.185 1.1942730620152 1.03645108026437 5.87679474985027 4.2216167316011
0.186 1.2001469193469 1.04066568852396 5.87092089251858 4.20760212334151
0.187 1.20601490575721 1.04486628918026 5.86505290610826 4.19360152268522
0.188 1.21187702711413 1.04905289623386 5.85919078475134 4.17961491563161
0.189 1.21773328927978 1.05322552367139 5.85333452258569 4.16564228819408
0.19 1.22358369811042 1.05738418546547 5.84748411375506 4.15168362640001
0.191 1.22942825945645 1.06152889557475 5.84163955240902 4.13773891629072
0.192 1.23526697916245 1.06565966794396 5.83580083270303 4.12380814392151
0.193 1.24109986306713 1.06977651650386 5.82996794879835 4.10989129536161
0.194 1.24692691700337 1.07387945517131 5.82414089486211 4.09598835669416
0.195 1.25274814679823 1.07796849784925 5.81831966506725 4.08209931401623
0.196 1.25856355827294 1.08204365842671 5.81250425359253 4.06822415343876
0.197 1.26437315724292 1.08610495077887 5.80669465462256 4.05436286108661
0.198 1.27017694951775 1.09015238876701 5.80089086234772 4.04051542309847
0.199 1.27597494090124 1.09418598623857 5.79509287096423 4.0266818256269
0.2 1.28176713719138 1.09820575702716 5.7893006746741 4.01286205483832
0.201 1.28755354418036 1.10221171495253 5.78351426768512 3.99905609691294
0.202 1.29333416765459 1.10620387382067 5.77773364421089 3.98526393804481
0.203 1.29910901339469 1.11018224742371 5.77195879847079 3.97148556444176
0.204 1.30487808717551 1.11414684954005 5.76618972468996 3.95772096232543
0.205 1.31064139476613 1.11809769393427 5.76042641709934 3.9439701179312
0.206 1.31639894192986 1.12203479435723 5.75466886993562 3.93023301750824
0.207 1.32215073442423 1.12595816454603 5.74891707744125 3.91650964731944
0.208 1.32789677800104 1.12986781822404 5.74317103386443 3.90279999364143
0.209 1.33363707840635 1.13376376910091 5.73743073345913 3.88910404276456
0.21 1.33937164138044 1.13764603087261 5.73169617048504 3.87542178099287
0.211 1.34510047265788 1.14151461722137 5.72596733920759 3.8617531946441
0.212 1.35082357796751 1.14536954181581 5.72024423389797 3.84809827004966
0.213 1.35654096303243 1.14921081831084 5.71452684883305 3.83445699355463
0.214 1.36225263357002 1.15303846034774 5.70881517829546 3.82082935151773
0.215 1.36795859529196 1.15685248155415 5.70310921657352 3.80721533031132
0.216 1.3736588539042 1.1606528955441 5.69740895796127 3.79361491632137
0.217 1.37935341510702 1.164439715918 5.69171439675846 3.78002809594747
0.218 1.38504228459496 1.16821295626267 5.68602552727052 3.7664548556028
0.219 1.3907254680569 1.17197263015136 5.68034234380858 3.75289518171412
0.22 1.39640297117602 1.17571875114373 5.67466484068945 3.73934906072174
0.221 1.40207479962983 1.17945133278592 5.66899301223564 3.72581647907956
0.222 1.40774095909016 1.1831703886105 5.66332685277532 3.71229742325498
0.223 1.41340145522316 1.18687593213653 5.65766635664232 3.69879187972895
0.224 1.41905629368933 1.19056797686955 5.65201151817614 3.68529983499592
0.225 1.42470548014351 1.19424653630162 5.64636233172196 3.67182127556386
0.226 1.4303490202349 1.19791162391129 5.64071879163058 3.65835618795419
0.227 1.43598691960702 1.20156325316365 5.63508089225846 3.64490455870183
0.228 1.44161918389777 1.20520143751033 5.6294486279677 3.63146637435515
0.229 1.44724581873943 1.20882619038951 5.62382199312604 3.61804162147596
0.23 1.45286682975863 1.21243752522596 5.61820098210684 3.60463028663951
0.231 1.45848222257638 1.216035455431 5.61258558928909 3.59123235643447
0.232 1.46409200280807 1.21961999440257 5.6069758090574 3.5778478174629
0.233 1.46969617606349 1.22319115552521 5.60137163580199 3.56447665634026
0.234 1.4752947479468 1.22674895217008 5.59577306391867 3.55111885969539
0.235 1.48088772405658 1.23029339769498 5.59018008780889 3.5377744141705
0.236 1.48647510998581 1.23382450544435 5.58459270187966 3.52444330642113
0.237 1.49205691132187 1.2373422887493 5.5790109005436 3.51112552311617
0.238 1.49763313364657 1.24084676092762 5.57343467821891 3.49782105093785
0.239 1.50320378253612 1.24433793528378 5.56786402932935 3.48452987658169
0.24 1.50876886356118 1.24781582510896 5.56229894830429 3.47125198675651
0.241 1.51432838228683 1.25128044368105 5.55673942957864 3.45798736818443
0.242 1.51988234427259 1.25473180426466 5.55118546759289 3.44473600760081
0.243 1.52543075507241 1.25816992011116 5.54563705679306 3.43149789175432
0.244 1.53097362023472 1.26159480445867 5.54009419163076 3.41827300740681
0.245 1.53651094530237 1.26500647053206 5.5345568665631 3.40506134133341
0.246 1.5420427358127 1.26840493154302 5.52902507605278 3.39186288032245
0.247 1.54756899729749 1.27179020069 5.52349881456799 3.37867761117548
0.248 1.553089735283 1.27516229115826 5.51797807658248 3.36550552070721
0.249 1.55860495528998 1.27852121611991 5.5124628565755 3.35234659574556
0.25 1.56411466283364 1.28186698873387 5.50695314903184 3.3392008231316
0.251 1.56961886342369 1.28519962214591 5.50144894844178 3.32606818971956
0.252 1.57511756256434 1.28851912948867 5.49595024930114 3.31294868237681
0.253 1.58061076575428 1.29182552388165 5.4904570461112 3.29984228798383
0.254 1.58609847848671 1.29511881843125 5.48496933337876 3.28674899343423
0.255 1.59158070624936 1.29839902623077 5.47948710561612 3.27366878563471
0.256 1.59705745452444 1.30166616036041 5.47401035734103 3.26060165150507
0.257 1.60252872878871 1.30492023388731 5.46853908307676 3.24754757797816
0.258 1.60799453451344 1.30816125986555 5.46307327735203 3.23450655199993
0.259 1.61345487716444 1.31138925133615 5.45761293470104 3.22147856052933
0.26 1.61890976220205 1.3146042213271 5.45215804966343 3.20846359053838
0.261 1.62435919508115 1.31780618285338 5.44670861678432 3.1954616290121
0.262 1.62980318125119 1.32099514891694 5.44126463061429 3.18247266294853
0.263 1.63524172615614 1.32417113250676 5.43582608570934 3.16949667935871
0.264 1.64067483523455 1.32733414659883 5.43039297663093 3.15653366526665
0.265 1.64610251391953 1.33048420415614 5.42496529794595 3.14358360770933
0.266 1.65152476763876 1.33362131812877 5.41954304422671 3.1306464937367
0.267 1.6569416018145 1.33674550145383 5.41412621005098 3.11772231041164
0.268 1.66235302186357 1.3398567670555 5.4087147900019 3.10481104480997
0.269 1.66775903319741 1.34295512784505 5.40330877866807 3.09191268402042
0.27 1.67315964122201 1.34604059672085 5.39790817064346 3.07902721514462
0.271 1.678554851338 1.34911318656835 5.39251296052748 3.06615462529712
0.272 1.68394466894057 1.35217291026016 5.38712314292491 3.05329490160531
0.273 1.68932909941955 1.355219780656 5.38173871244592 3.04044803120948
0.274 1.69470814815937 1.35825381060273 5.3763596637061 3.02761400126274
0.275 1.70008182053909 1.36127501293439 5.37098599132639 3.01479279893108
0.276 1.70545012193236 1.36428340047219 5.36561768993312 3.00198441139328
0.277 1.71081305770749 1.36727898602451 5.36025475415798 2.98918882584097
0.278 1.71617063322742 1.37026178238693 5.35489717863805 2.97640602947854
0.279 1.72152285384973 1.37323180234227 5.34954495801574 2.96363600952321
0.28 1.72686972492664 1.37618905866053 5.34419808693884 2.95087875320495
0.281 1.73221125180501 1.37913356409897 5.33885656006047 2.9381342477665
0.282 1.73754743982638 1.38206533140211 5.3335203720391 2.92540248046337
0.283 1.74287829432693 1.3849843733017 5.32818951753855 2.91268343856377
0.284 1.74820382063752 1.3878907025168 5.32286399122796 2.89997710934868
0.285 1.75352402408367 1.39078433175372 5.3175437877818 2.88728348011175
0.286 1.7588389099856 1.39366527370611 5.31222890187988 2.87460253815936
0.287 1.76414848365818 1.39653354105491 5.3069193282073 2.86193427081056
0.288 1.76945275041098 1.39938914646838 5.30161506145449 2.84927866539709
0.289 1.77475171554829 1.40223210260213 5.29631609631719 2.83663570926334
0.29 1.78004538436906 1.40506242209912 5.29102242749642 2.82400538976636
0.291 1.78533376216696 1.40788011758967 5.28573404969852 2.81138769427581
0.292 1.79061685423037 1.41068520169146 5.28045095763511 2.79878261017401
0.293 1.79589466584238 1.41347768700961 5.2751731460231 2.78619012485587
0.294 1.8011672022808 1.41625758613657 5.26990060958467 2.7736102257289
0.295 1.80643446881818 1.41902491165227 5.2646333430473 2.76104290021321
0.296 1.81169647072178 1.42177967612401 5.2593713411437 2.74848813574146
0.297 1.81695321325359 1.42452189210658 5.25411459861188 2.73594591975889
0.298 1.82220470167037 1.42725157214218 5.2488631101951 2.72341623972329
0.299 1.8274509412236 1.4299687287605 5.24361687064187 2.71089908310497
0.3 1.83269193715953 1.43267337447869 5.23837587470595 2.69839443738678
0.301 1.83792769471914 1.4353655218014 5.23314011714634 2.68590229006407
0.302 1.8431582191382 1.43804518322079 5.22790959272728 2.67342262864469
0.303 1.84838351564723 1.4407123712165 5.22268429621824 2.66095544064897
0.304 1.85360358947153 1.44336709825574 5.21746422239394 2.64850071360974
0.305 1.85881844583117 1.44600937679322 5.2122493660343 2.63605843507225
0.306 1.86402808994102 1.44863921927123 5.20703972192446 2.62362859259424
0.307 1.8692325270107 1.45125663811962 5.20183528485477 2.61121117374585
0.308 1.87443176224467 1.4538616457558 5.19663604962081 2.59880616610968
0.309 1.87962580084216 1.45645425458477 5.19144201102332 2.5864135572807
0.31 1.8848146479972 1.45903447699916 5.18625316386828 2.57403333486631
0.311 1.88999830889864 1.46160232537918 5.18106950296683 2.56166548648629
0.312 1.89517678873016 1.46415781209269 5.17589102313532 2.54930999977278
0.313 1.90035009267021 1.46670094949517 5.17071771919526 2.5369668623703
0.314 1.90551822589212 1.46923174992975 5.16554958597336 2.52463606193572
0.315 1.91068119356401 1.47175022572725 5.16038661830147 2.51231758613822
0.316 1.91583900084885 1.47425638920614 5.15522881101663 2.50001142265934
0.317 1.92099165290445 1.47675025267257 5.15007615896102 2.4877175591929
0.318 1.92613915488346 1.47923182842043 5.14492865698201 2.47543598344504
0.319 1.93128151193339 1.48170112873128 5.13978629993208 2.4631666831342
0.32 1.93641872919659 1.48415816587442 5.13464908266888 2.45090964599105
0.321 1.94155081181028 1.48660295210689 5.1295170000552 2.43866485975858
0.322 1.94667776490654 1.48903549967349 5.12439004695893 2.42643231219198
0.323 1.95179959361233 1.49145582080676 5.11926821825315 2.41421199105872
0.324 1.95691630304947 1.49386392772701 5.11415150881601 2.40200388413846
0.325 1.96202789833468 1.49625983264237 5.1090399135308 2.3898079792231
0.326 1.96713438457954 1.49864354774873 5.10393342728593 2.37762426411674
0.327 1.97223576689056 1.50101508522981 5.09883204497492 2.36545272663566
0.328 1.97733205036911 1.50337445725715 5.09373576149637 2.35329335460832
0.329 1.98242324011146 1.50572167599013 5.08864457175401 2.34114613587535
0.33 1.98750934120883 1.50805675357595 5.08355847065665 2.32901105828952
0.331 1.9925903587473 1.51037970214971 5.07847745311818 2.31688810971576
0.332 1.99766629780789 1.51269053383434 5.07340151405759 2.30477727803113
0.333 2.00273716346655 1.5149892607407 5.06833064839893 2.29267855112478
0.334 2.00780296079413 1.51727589496749 5.06326485107134 2.28059191689798
0.335 2.01286369485644 1.51955044860136 5.05820411700903 2.26851736326412
0.336 2.01791937071422 1.52181293371686 5.05314844115126 2.25645487814862
0.337 2.02296999342313 1.52406336237647 5.04809781844235 2.244404449489
0.338 2.0280155680338 1.52630174663063 5.04305224383167 2.23236606523484
0.339 2.03305609959181 1.52852809851773 5.03801171227366 2.22033971334774
0.34 2.03809159313769 1.53074243006411 5.03297621872779 2.20832538180136
0.341 2.04312205370692 1.53294475328411 5.02794575815855 2.19632305858137
0.342 2.04814748632999 1.53513508018005 5.02292032553549 2.18433273168542
0.343 2.0531678960323 1.53731342274226 5.01789991583317 2.17235438912322
0.344 2.05818328783429 1.53947979294908 5.01288452403119 2.16038801891639
0.345 2.06319366675133 1.54163420276689 5.00787414511415 2.14843360909859
0.346 2.06819903779381 1.54377666415009 5.00286877407167 2.13649114771538
0.347 2.07319940596709 1.54590718904115 4.99786840589838 2.12456062282433
0.348 2.07819477627156 1.54802578937059 4.99287303559392 2.11264202249488
0.349 2.08318515370257 1.55013247705702 4.9878826581629 2.10073533480845
0.35 2.08817054325051 1.55222726400712 4.98289726861496 2.08884054785835
0.351 2.09315094990077 1.55431016211568 4.97791686196471 2.07695764974979
0.352 2.09812637863375 1.55638118326561 4.97294143323173 2.06508662859987
0.353 2.10309683442488 1.55844033932791 4.9679709774406 2.05322747253756
0.354 2.10806232224462 1.56048764216176 4.96300548962086 2.04138016970372
0.355 2.11302284705846 1.56252310361445 4.95804496480702 2.02954470825103
0.356 2.11797841382691 1.56454673552144 4.95308939803856 2.01772107634403
0.357 2.12292902750556 1.56655854970637 4.94813878435991 2.0059092621591
0.358 2.12787469304501 1.56855855798106 4.94319311882046 1.99410925388441
0.359 2.13281541539093 1.57054677214551 4.93825239647454 1.98232103971996
0.36 2.13775119948405 1.57252320398794 4.93331661238143 1.97054460787753
0.361 2.14268205026014 1.57448786528478 4.92838576160534 1.95877994658069
0.362 2.14760797265005 1.5764407678007 4.92345983921542 1.94702704406478
0.363 2.15252897157972 1.57838192328859 4.91853884028575 1.93528588857689
0.364 2.15744505197014 1.58031134348961 4.91362275989534 1.92355646837586
0.365 2.16235621873739 1.58222904013319 4.90871159312809 1.91183877173228
0.366 2.16726247679263 1.58413502493702 4.90380533507284 1.90013278692845
0.367 2.17216383104213 1.58602930960709 4.89890398082334 1.88843850225838
0.368 2.17706028638725 1.58791190583769 4.89400752547823 1.87675590602779
0.369 2.18195184772443 1.5897828253114 4.88911596414105 1.86508498655407
0.37 2.18683851994523 1.59164207969916 4.88422929192024 1.85342573216631
0.371 2.19172030793634 1.59348968066021 4.87934750392913 1.84177813120526
0.372 2.19659721657954 1.59532563984216 4.87447059528593 1.83014217202331
0.373 2.20146925075174 1.59714996888097 4.86959856111374 1.8185178429845
0.374 2.20633641532497 1.59896267940097 4.86473139654051 1.8069051324645
0.375 2.2111987151664 1.60076378301487 4.85986909669908 1.79530402885061
0.376 2.21605615513832 1.60255329132377 4.85501165672715 1.7837145205417
0.377 2.22090874009819 1.60433121591719 4.85015907176729 1.77213659594828
0.378 2.22575647489858 1.60609756837305 4.8453113369669 1.76057024349243
0.379 2.23059936438723 1.6078523602577 4.84046844747825 1.74901545160777
0.38 2.23543741340702 1.60959560312593 4.83563039845845 1.73747220873954
0.381 2.24027062679602 1.611327308521 4.83079718506946 1.72594050334447
0.382 2.24509900938743 1.6130474879746 4.82596880247805 1.71442032389087
0.383 2.24992256600963 1.61475615300692 4.82114524585584 1.70291165885855
0.384 2.25474130148619 1.61645331512663 4.81632651037929 1.69141449673885
0.385 2.25955522063583 1.61813898583087 4.81151259122964 1.6799288260346
0.386 2.26436432827249 1.61981317660534 4.80670348359299 1.66845463526013
0.387 2.26916862920525 1.62147589892421 4.80189918266022 1.65699191294126
0.388 2.27396812823844 1.62312716425022 4.79709968362704 1.64554064761526
0.389 2.27876283017154 1.62476698403462 4.79230498169393 1.63410082783085
0.39 2.28355273979926 1.62639536971725 4.78751507206621 1.62267244214823
0.391 2.28833786191151 1.62801233272648 4.78272994995396 1.611255479139
0.392 2.29311820129341 1.62961788447928 4.77794961057206 1.5998499273862
0.393 2.29789376272531 1.6312120363812 4.77317404914017 1.58845577548427
0.394 2.30266455098275 1.6327947998264 4.76840326088272 1.57707301203907
0.395 2.30743057083654 1.63436618619764 4.76363724102894 1.56570162566784
0.396 2.31219182705269 1.6359262068663 4.75887598481279 1.55434160499917
0.397 2.31694832439246 1.63747487319241 4.75411948747302 1.54299293867306
0.398 2.32170006761234 1.63901219652464 4.74936774425313 1.53165561534083
0.399 2.32644706146409 1.64053818820031 4.74462075040139 1.52032962366516
0.4 2.33118931069468 1.64205285954542 4.73987850117079 1.50901495232005
0.401 2.33592682004639 1.64355622187463 4.73514099181909 1.49771158999084
0.402 2.3406595942567 1.6450482864913 4.73040821760877 1.48641952537417
0.403 2.34538763805841 1.64652906468752 4.72568017380707 1.47513874717796
0.404 2.35011095617954 1.64799856774404 4.72095685568593 1.46386924412143
0.405 2.35482955334343 1.64945680693038 4.71623825852204 1.45261100493509
0.406 2.35954343426867 1.65090379350478 4.71152437759681 1.44136401836069
0.407 2.36425260366913 1.65233953871422 4.70681520819634 1.43012827315125
0.408 2.368957066254 1.65376405379446 4.70211074561148 1.41890375807101
0.409 2.37365682672773 1.65517734997 4.69741098513775 1.40769046189547
0.41 2.37835188979008 1.65657943845415 4.6927159220754 1.39648837341133
0.411 2.38304226013612 1.65797033044899 4.68802555172936 1.38529748141649
0.412 2.38772794245621 1.65935003714541 4.68333986940926 1.37411777472006
0.413 2.39240894143605 1.66071856972313 4.67865887042943 1.36294924214234
0.414 2.39708526175662 1.66207593935068 4.67398255010885 1.35179187251479
0.415 2.40175690809426 1.66342215718543 4.66931090377122 1.34064565468005
0.416 2.4064238851206 1.66475723437359 4.66464392674487 1.32951057749188
0.417 2.41108619750263 1.66608118205025 4.65998161436285 1.31838662981523
0.418 2.41574384990266 1.66739401133935 4.65532396196282 1.30727380052612
0.419 2.42039684697833 1.66869573335372 4.65067096488714 1.29617207851175
0.42 2.42504519338265 1.6699863591951 4.64602261848282 1.28508145267037
0.421 2.42968889376397 1.67126589995409 4.6413789181015 1.27400191191138
0.422 2.43432795276598 1.67253436671025 4.63673985909949 1.26293344515522
0.423 2.43896237502775 1.67379177053205 4.63210543683773 1.25187604133342
0.424 2.44359216518369 1.67503812247688 4.62747564668178 1.24082968938859
0.425 2.44821732786361 1.6762734335911 4.62285048400187 1.22979437827437
0.426 2.45283786769265 1.67749771491003 4.61822994417283 1.21877009695545
0.427 2.45745378929136 1.67871097745794 4.61361402257411 1.20775683440753
0.428 2.46206509727567 1.67991323224809 4.60900271458981 1.19675457961738
0.429 2.46667179625688 1.68110449028276 4.6043960156086 1.18576332158272
0.43 2.47127389084168 1.68228476255318 4.59979392102379 1.17478304931229
0.431 2.47587138563219 1.68345406003964 4.59519642623329 1.16381375182583
0.432 2.48046428522588 1.68461239371144 4.59060352663959 1.15285541815404
0.433 2.48505259421567 1.6857597745269 4.58601521764981 1.14190803733857
0.434 2.48963631718985 1.68689621343342 4.58143149467562 1.13097159843205
0.435 2.49421545873216 1.68802172136742 4.57685235313331 1.12004609049805
0.436 2.49879002342174 1.68913630925443 4.57227778844374 1.10913150261104
0.437 2.50336001583314 1.69023998800902 4.56770779603233 1.09822782385645
0.438 2.50792544053637 1.69133276853488 4.5631423713291 1.08733504333059
0.439 2.51248630209685 1.6924146617248 4.55858150976863 1.07645315014068
0.44 2.51704260507544 1.69348567846065 4.55402520679004 1.06558213340482
0.441 2.52159435402844 1.69454582961347 4.54947345783704 1.05472198225201
0.442 2.5261415535076 1.6955951260434 4.54492625835787 1.04387268582208
0.443 2.53068420806013 1.69663357859973 4.54038360380535 1.03303423326574
0.444 2.53522232222867 1.69766119812094 4.5358454896368 1.02220661374453
0.445 2.53975590055135 1.69867799543463 4.53131191131412 1.01138981643084
0.446 2.54428494756174 1.6996839813576 4.52678286430374 1.00058383050787
0.447 2.54880946778889 1.70067916669584 4.52225834407659 0.989788645169636
0.448 2.55332946575731 1.70166356224453 4.51773834610816 0.979004249620941
0.449 2.55784494598702 1.70263717878808 4.51322286587846 0.968230633077392
0.45 2.56235591299348 1.7036000271001 4.508711898872 0.957467784765376
0.451 2.56686237128766 1.70455211794343 4.50420544057781 0.946715693922037
0.452 2.57136432537603 1.70549346207018 4.49970348648944 0.935974349795291
0.453 2.57586177976054 1.70642407022168 4.49520603210493 0.925243741643788
0.454 2.58035473893865 1.70734395312855 4.49071307292683 0.914523858736922
0.455 2.5848432074033 1.70825312151066 4.48622460446217 0.903814690354809
0.456 2.58932718964298 1.7091515860772 4.4817406222225 0.893116225788274
0.457 2.59380669014166 1.71003935752661 4.47726112172382 0.882428454338859
0.458 2.59828171337885 1.71091644654668 4.47278609848663 0.871751365318788
0.459 2.60275226382956 1.7117828638145 4.46831554803591 0.861084948050971
0.46 2.60721834596436 1.71263861999648 4.46384946590112 0.85042919186899
0.461 2.61167996424931 1.71348372574838 4.45938784761616 0.83978408611709
0.462 2.61613712314605 1.71431819171531 4.45493068871942 0.82914962015016
0.463 2.62058982711173 1.71514202853173 4.45047798475375 0.818525783333738
0.464 2.62503808059905 1.71595524682149 4.44602973126642 0.807912565043985
0.465 2.62948188805627 1.71675785719779 4.4415859238092 0.797309954667679
0.466 2.6339212539272 1.71754987026326 4.43714655793828 0.786717941602213
0.467 2.6383561826512 1.7183312966099 4.43271162921428 0.776136515255569
0.468 2.6427866786632 1.71910214681915 4.42828113320228 0.765565665046323
0.469 2.6472127463937 1.71986243146185 4.42385506547178 0.75500538040362
0.47 2.65163439026876 1.72061216109829 4.41943342159671 0.744455650767179
0.471 2.65605161471004 1.7213513462782 4.41501619715544 0.733916465587267
0.472 2.66046442413474 1.72207999754077 4.41060338773073 0.723387814324699
0.473 2.6648728229557 1.72279812541465 4.40619498890978 0.712869686450821
0.474 2.66927681558129 1.72350574041796 4.40179099628418 0.702362071447508
0.475 2.67367640641553 1.72420285305833 4.39739140544995 0.691864958807139
0.476 2.67807159985799 1.72488947383287 4.39299621200748 0.681378338032605
0.477 2.68246240030388 1.72556561322819 4.3886054115616 0.670902198637283
0.478 2.68684881214398 1.72623128172044 4.38421899972149 0.660436530145029
0.479 2.69123083976473 1.72688648977529 4.37983697210075 0.649981322090179
0.48 2.69560848754813 1.72753124784795 4.37545932431734 0.639536564017522
0.481 2.69998175987185 1.72816556638317 4.37108605199363 0.629102245482299
0.482 2.70435066110915 1.72878945581528 4.36671715075633 0.618678356050189
0.483 2.70871519562893 1.72940292656817 4.36235261623654 0.608264885297304
0.484 2.71307536779574 1.7300059890553 4.35799244406974 0.597861822810174
0.485 2.71743118196974 1.73059865367974 4.35363662989574 0.587469158185732
0.486 2.72178264250674 1.73118093083416 4.34928516935873 0.577086881031313
0.487 2.72612975375822 1.73175283090083 4.34493805810726 0.566714980964639
0.488 2.73047252007127 1.73231436425166 4.34059529179421 0.556353447613811
0.489 2.73481094578867 1.73286554124818 4.33625686607681 0.546002270617294
0.49 2.73914503524884 1.73340637224156 4.33192277661663 0.53566143962391
0.491 2.74347479278588 1.73393686757265 4.3275930190796 0.525330944292826
0.492 2.74780022272953 1.73445703757193 4.32326758913594 0.515010774293547
0.493 2.75212132940524 1.73496689255957 4.31894648246024 0.5047009193059
0.494 2.7564381171341 1.73546644284544 4.31462969473137 0.494401369020034
0.495 2.76075059023291 1.73595569872908 4.31031722163256 0.484112113136392
0.496 2.76505875301414 1.73643467049975 4.30600905885134 0.473833141365724
0.497 2.76936260978595 1.73690336843642 4.30170520207953 0.463564443429052
0.498 2.7736621648522 1.7373618028078 4.29740564701328 0.453306009057677
0.499 2.77795742251244 1.7378099838723 4.29311038935303 0.443057827993167
0.5 2.78224838706194 1.73824792187813 4.28881942480353 0.432819889987337
0.501 2.78653506279166 1.73867562706322 4.28453274907382 0.422592184802252
0.502 2.79081745398827 1.73909310965527 4.28025035787721 0.412374702210203
0.503 2.79509556493416 1.73950037987177 4.27597224693131 0.402167431993707
0.504 2.79936939990746 1.73989744791998 4.27169841195802 0.391970363945491
0.505 2.80363896318198 1.74028432399698 4.2674288486835 0.381783487868491
0.506 2.8079042590273 1.74066101828964 4.26316355283818 0.371606793575827
0.507 2.81216529170871 1.74102754097467 4.25890252015677 0.361440270890803
0.508 2.81642206548725 1.74138390221857 4.25464574637823 0.351283909646899
0.509 2.82067458461968 1.74173011217772 4.25039322724579 0.341137699687749
0.51 2.82492285335853 1.74206618099833 4.24614495850694 0.331001630867144
0.511 2.82916687595208 1.74239211881646 4.2419009359134 0.320875693049015
0.512 2.83340665664433 1.74270793575805 4.23766115522115 0.310759876107422
0.513 2.83764219967507 1.74301364193893 4.2334256121904 0.300654169926545
0.514 2.84187350927985 1.74330924746479 4.22919430258562 0.290558564400682
0.515 2.84610058968998 1.74359476243125 4.2249672221755 0.280473049434224
0.516 2.85032344513253 1.74387019692382 4.22074436673295 0.270397614941656
0.517 2.85454207983036 1.74413556101793 4.21652573203512 0.260332250847542
0.518 2.8587564980021 1.74439086477896 4.21231131386337 0.250276947086515
0.519 2.86296670386219 1.7446361182622 4.20810110800329 0.240231693603278
0.52 2.86717270162081 1.7448713315129 4.20389511024466 0.230196480352566
0.521 2.87137449548397 1.7450965145663 4.1996933163815 0.220171297299173
0.522 2.87557208965347 1.74531167744756 4.195495722212 0.210156134417909
0.523 2.8797654883269 1.74551683017185 4.19130232353858 0.200150981693618
0.524 2.88395469569765 1.74571198274433 4.18711311616782 0.190155829121139
0.525 2.88813971595494 1.74589714516015 4.18292809591054 0.180170666705324
0.526 2.89232055328378 1.74607232740447 4.1787472585817 0.170195484461006
0.527 2.89649721186502 1.74623753945247 4.17457060000046 0.160230272413001
0.528 2.90066969587531 1.74639279126937 4.17039811599017 0.150275020596103
0.529 2.90483800948713 1.74653809281042 4.16622980237835 0.140329719055051
0.53 2.90900215686881 1.74667345402092 4.16206565499667 0.130394357844548
0.531 2.91316214218448 1.74679888483624 4.157905669681 0.120468927029231
0.532 2.91731796959414 1.7469143951818 4.15374984227134 0.110553416683668
0.533 2.92146964325361 1.74701999497313 4.14959816861187 0.100647816892344
0.534 2.92561716731456 1.74711569411581 4.14545064455092 0.0907521177496662
0.535 2.92976054592452 1.74720150250554 4.14130726594095 0.08086630935993
0.536 2.93389978322688 1.74727743002815 4.1371680286386 0.0709903818373245
0.537 2.93803488336086 1.74734348655955 4.13303292850462 0.0611243253059239
0.538 2.94216585046156 1.7473996819658 4.12890196140391 0.05126812989967
0.539 2.94629268865997 1.7474460261031 4.12477512320551 0.0414217857623687
0.54 2.9504154020829 1.7474825288178 4.12065240978258 0.0315852830476704
0.541 2.95453399485308 1.74750919994639 4.11653381701239 0.0217586119190774
0.542 2.9586484710891 1.74752604931556 4.11241934077637 0.0119417625499132
0.543 2.96275883490544 1.74753308674214 4.10830897696003 0.00213472512333013
0.544 2.96686509041246 1.74753032203318 4.10420272145302 -0.00766251016771058
0.545 2.97096724171641 1.74751776498592 4.10010057014906 -0.0174499531204475
0.546 2.97506529291946 1.74749542538779 4.09600251894602 -0.0272276135223208
0.547 2.97915924811964 1.74746331301646 4.09190856374584 -0.0369955011509937
0.548 2.98324911141092 1.74742143763983 4.08781870045456 -0.0467536257743539
0.549 2.98733488688316 1.747369809016 4.08373292498232 -0.0565019971505265
0.55 2.99141657862213 1.74730843689336 4.07965123324335 -0.066240625027886
0.551 2.99549419070953 1.74723733101053 4.07557362115595 -0.0759695191450582
0.552 2.99956772722296 1.74715650109641 4.07150008464251 -0.0856886892309383
0.553 3.00363719223598 1.74706595687017 4.0674306196295 -0.095398145004701
0.554 3.00770258981803 1.74696570804127 4.06336522204744 -0.105097896175797
0.555 3.01176392403453 1.74685576430945 4.05930388783095 -0.114787952443981
0.556 3.0158211989468 1.74673613536479 4.05524661291868 -0.124468323499315
0.557 3.01987441861211 1.74660683088763 4.05119339325336 -0.134139019022161
0.558 3.0239235870837 1.74646786054869 4.04714422478177 -0.143800048683223
0.559 3.02796870841073 1.746319234009 4.04309910345475 -0.153451422143528
0.56 3.03200978663831 1.74616096091992 4.03905802522716 -0.163093149054452
0.561 3.03604682580753 1.74599305092319 4.03502098605794 -0.172725239057723
0.562 3.04007982995543 1.7458155136509 4.03098798191004 -0.182347701785428
0.563 3.04410880311502 1.74562835872551 4.02695900875046 -0.191960546860034
0.564 3.04813374931525 1.74543159575986 4.02293406255022 -0.201563783894388
0.565 3.0521546725811 1.7452252343572 4.01891313928438 -0.211157422491725
0.566 3.05617157693346 1.74500928411116 4.01489623493201 -0.220741472245685
0.567 3.06018446638926 1.74478375460579 4.01088334547622 -0.230315942740321
0.568 3.06419334496137 1.74454865541557 4.0068744669041 -0.2398808435501
0.569 3.06819821665869 1.7443039961054 4.00286959520678 -0.249436184239926
0.57 3.07219908548608 1.74404978623061 3.9988687263794 -0.258981974365142
0.571 3.07619595544441 1.74378603533701 3.99487185642107 -0.268518223471537
0.572 3.08018883053054 1.74351275296083 3.99087898133493 -0.278044941095359
0.573 3.08417771473737 1.7432299486288 3.98689009712811 -0.287562136763331
0.574 3.08816261205376 1.74293763185812 3.98290519981171 -0.297069819992647
0.575 3.09214352646463 1.74263581215646 3.97892428540085 -0.306568000290989
0.576 3.09612046195087 1.74232449902201 3.9749473499146 -0.316056687156541
0.577 3.10009342248944 1.74200370194346 3.97097438937604 -0.32553589007799
0.578 3.10406241205328 1.74167343040001 3.96700539981219 -0.335005618534542
0.579 3.1080274346114 1.74133369386139 3.96304037725408 -0.344465881995919
0.58 3.11198849412881 1.74098450178786 3.95907931773667 -0.353916689922393
0.581 3.11594559456657 1.74062586363024 3.95512221729891 -0.36335805176477
0.582 3.11989873988178 1.74025778882988 3.9511690719837 -0.372789976964411
0.583 3.12384793402759 1.73988028681871 3.94721987783789 -0.382212474953244
0.584 3.12779318095319 1.73949336701924 3.94327463091228 -0.391625555153768
0.585 3.13173448460384 1.73909703884453 3.93933332726164 -0.401029226979061
0.586 3.13567184892083 1.73869131169827 3.93539596294465 -0.410423499832799
0.587 3.13960527784153 1.73827619497473 3.93146253402395 -0.419808383109254
0.588 3.14353477529936 1.73785169805878 3.92753303656611 -0.429183886193313
0.589 3.14746034522384 1.73741783032594 3.92360746664164 -0.438550018460473
0.59 3.15138199154052 1.73697460114235 3.91968582032496 -0.447906789276875
0.591 3.15529971817105 1.73652201986476 3.91576809369443 -0.457254207999284
0.592 3.15921352903316 1.7360600958406 3.91185428283231 -0.466592283975123
0.593 3.16312342804066 1.73558883840794 3.90794438382481 -0.475921026542471
0.594 3.16702941910346 1.73510825689554 3.90403839276202 -0.485240445030065
0.595 3.17093150612753 1.7346183606228 3.90013630573794 -0.49455054875733
0.596 3.17482969301498 1.73411915889984 3.8962381188505 -0.503851347034368
0.597 3.17872398366398 1.73361066102745 3.89234382820149 -0.513142849161978
0.598 3.18261438196883 1.73309287629713 3.88845342989664 -0.522425064431662
0.599 3.18650089181993 1.73256581399111 3.88456692004555 -0.531698002125641
0.6 3.19038351710378 1.73202948338232 3.8806842947617 -0.540961671516847
0.601 3.19426226170301 1.73148389373442 3.87680555016246 -0.550216081868951
0.602 3.19813712949637 1.73092905430184 3.8729306823691 -0.55946124243637
0.603 3.20200812435873 1.73036497432973 3.86905968750675 -0.568697162464259
0.604 3.20587525016107 1.72979166305401 3.8651925617044 -0.577923851188542
0.605 3.20973851077053 1.72920912970138 3.86132930109494 -0.587141317835908
0.606 3.21359791005037 1.72861738348929 3.8574699018151 -0.596349571623824
0.607 3.21745345185999 1.72801643362601 3.85361436000549 -0.605548621760542
0.608 3.22130514005492 1.72740628931059 3.84976267181055 -0.614738477445121
0.609 3.22515297848686 1.72678695973288 3.84591483337861 -0.623919147867408
0.61 3.22899697100365 1.72615845407355 3.84207084086183 -0.633090642208078
0.611 3.23283712144928 1.7255207815041 3.8382306904162 -0.642252969638628
0.612 3.23667343366389 1.72487395118685 3.83439437820158 -0.651406139321383
0.613 3.24050591148381 1.72421797227499 3.83056190038167 -0.660550160409516
0.614 3.24433455874151 1.72355285391252 3.82673325312397 -0.669685042047048
0.615 3.24815937926564 1.72287860523433 3.82290843259984 -0.678810793368861
0.616 3.25198037688101 1.72219523536618 3.81908743498446 -0.687927423500707
0.617 3.25579755540863 1.72150275342469 3.81527025645684 -0.697034941559217
0.618 3.25961091866568 1.72080116851738 3.81145689319979 -0.706133356651911
0.619 3.26342047046552 1.72009048974267 3.80764734139996 -0.715222677877202
0.62 3.2672262146177 1.71937072618989 3.80384159724778 -0.724302914324415
0.621 3.27102815492796 1.71864188693926 3.80003965693751 -0.733374075073785
0.622 3.27482629519825 1.71790398106195 3.79624151666722 -0.742436169196477
0.623 3.27862063922671 1.71715701762005 3.79244717263876 -0.751489205754581
0.624 3.28241119080768 1.71640100566661 3.7886566210578 -0.760533193801137
0.625 3.28619795373171 1.7156359542456 3.78486985813376 -0.769568142380134
0.626 3.28998093178557 1.71486187239199 3.7810868800799 -0.778594060526522
0.627 3.29376012875223 1.71407876913169 3.77730768311324 -0.787610957266217
0.628 3.2975355484109 1.71328665348159 3.77353226345457 -0.79661884161612
0.629 3.30130719453699 1.71248553444958 3.76976061732849 -0.805617722584111
0.63 3.30507507090214 1.71167542103455 3.76599274096333 -0.814607609169078
0.631 3.30883918127425 1.71085632222638 3.76222863059123 -0.823588510360905
0.632 3.3125995294174 1.71002824700597 3.75846828244807 -0.832560435140493
0.633 3.31635611909196 1.70919120434524 3.75471169277351 -0.841523392479772
0.634 3.32010895405452 1.70834520320716 3.75095885781096 -0.850477391341693
0.635 3.32385803805791 1.70749025254573 3.74720977380757 -0.859422440680262
0.636 3.32760337485121 1.706626361306 3.74346443701427 -0.868358549440526
0.637 3.33134496817976 1.70575353842406 3.73972284368572 -0.877285726558595
0.638 3.33508282178515 1.70487179282712 3.73598499008032 -0.886203980961646
0.639 3.33881693940524 1.70398113343341 3.73225087246023 -0.895113321567937
0.64 3.34254732477416 1.70308156915228 3.72852048709132 -0.904013757286807
0.641 3.34627398162227 1.70217310888416 3.72479383024321 -0.912905297018693
0.642 3.34999691367624 1.7012557615206 3.72107089818924 -0.921787949655133
0.643 3.353716124659 1.70032953594426 3.71735168720647 -0.930661724078785
0.644 3.35743161828977 1.69939444102889 3.71363619357571 -0.939526629163423
0.645 3.36114339828403 1.69845048563942 3.70992441358144 -0.948382673773951
0.646 3.36485146835357 1.69749767863189 3.7062163435119 -0.957229866766415
0.647 3.36855583220646 1.69653602885348 3.70251197965901 -0.96606821698801
0.648 3.37225649354706 1.69556554514255 3.69881131831841 -0.974897733277082
0.649 3.37595345607604 1.69458623632863 3.69511435578944 -0.983718424463156
0.65 3.37964672349035 1.69359811123239 3.69142108837513 -0.992530299366917
0.651 3.38333629948326 1.69260117866571 3.68773151238221 -1.00133336680024
0.652 3.38702218774436 1.69159544743168 3.68404562412112 -1.0101276355662
0.653 3.39070439195952 1.69058092632454 3.68036341990596 -1.01891311445907
0.654 3.39438291581095 1.68955762412979 3.67668489605452 -1.02768981226432
0.655 3.39805776297719 1.68852554962411 3.67301004888829 -1.03645773775864
0.656 3.40172893713307 1.68748471157545 3.66933887473241 -1.04521689970998
0.657 3.40539644194977 1.68643511874296 3.66567136991571 -1.05396730687749
0.658 3.40906028109479 1.68537677987704 3.66200753077069 -1.06270896801157
0.659 3.41272045823198 1.68430970371936 3.6583473536335 -1.07144189185389
0.66 3.41637697702151 1.68323389900285 3.65469083484397 -1.08016608713738
0.661 3.4200298411199 1.6821493744517 3.65103797074558 -1.08888156258623
0.662 3.42367905418001 1.68105613878139 3.64738875768546 -1.09758832691591
0.663 3.42732461985106 1.67995420069867 3.64374319201441 -1.1062863888332
0.664 3.43096654177862 1.67884356890162 3.64010127008686 -1.11497575703615
0.665 3.4346048236046 1.67772425207961 3.63646298826087 -1.12365644021414
0.666 3.4382394689673 1.67659625891331 3.63282834289818 -1.13232844704784
0.667 3.44187048150134 1.67545959807474 3.62919733036413 -1.14099178620927
0.668 3.44549786483776 1.67431427822723 3.62556994702772 -1.14964646636176
0.669 3.44912162260392 1.67316030802546 3.62194618926155 -1.15829249615999
0.67 3.4527417584236 1.67199769611548 3.61832605344188 -1.16692988425001
0.671 3.45635827591691 1.67082645113465 3.61470953594856 -1.17555863926918
0.672 3.4599711787004 1.66964658171175 3.61109663316508 -1.18417876984628
0.673 3.46358047038694 1.6684580964669 3.60748734147853 -1.19279028460143
0.674 3.46718615458585 1.66726100401162 3.60388165727963 -1.20139319214615
0.675 3.4707882349028 1.66605531294881 3.60027957696268 -1.20998750108334
0.676 3.47438671493987 1.66484103187279 3.59668109692561 -1.21857322000732
0.677 3.47798159829554 1.66361816936927 3.59308621356993 -1.2271503575038
0.678 3.4815728885647 1.6623867340154 3.58949492330077 -1.23571892214993
0.679 3.48516058933864 1.66114673437974 3.58590722252683 -1.24427892251427
0.68 3.48874470420506 1.65989817902228 3.58232310766042 -1.25283036715681
0.681 3.49232523674807 1.65864107649448 3.57874257511741 -1.26137326462901
0.682 3.49590219054821 1.65737543533923 3.57516562131727 -1.26990762347376
0.683 3.49947556918243 1.6561012640909 3.57159224268305 -1.27843345222542
0.684 3.5030453762241 1.6548185712753 3.56802243564137 -1.28695075940983
0.685 3.50661161524305 1.65352736540976 3.56445619662243 -1.29545955354429
0.686 3.5101742898055 1.65222765500306 3.56089352205997 -1.30395984313759
0.687 3.51373340347414 1.6509194485555 3.55733440839134 -1.31245163669003
0.688000000000001 3.51728895980806 1.64960275455886 3.55377885205741 -1.32093494269339
0.689000000000001 3.52084096236284 1.64827758149647 3.55022684950263 -1.329409769631
0.690000000000001 3.52438941469048 1.64694393784313 3.546678397175 -1.33787612597766
0.691000000000001 3.52793432033942 1.64560183206522 3.54313349152606 -1.34633402019975
0.692000000000001 3.53147568285457 1.64425127262062 3.5395921290109 -1.35478346075515
0.693000000000001 3.53501350577731 1.64289226795878 3.53605430608817 -1.36322445609331
0.694000000000001 3.53854779264544 1.64152482652069 3.53252001922004 -1.37165701465522
0.695000000000001 3.54207854699325 1.64014895673892 3.52898926487222 -1.38008114487345
0.696000000000001 3.54560577235151 1.63876466703758 3.52546203951397 -1.38849685517211
0.697000000000001 3.54912947224743 1.63737196583241 3.52193833961804 -1.39690415396694
0.698000000000001 3.55264965020473 1.63597086153068 3.51841816166075 -1.40530304966521
0.699000000000001 3.55616630974356 1.63456136253131 3.51490150212191 -1.41369355066584
0.700000000000001 3.5596794543806 1.63314347722479 3.51138835748487 -1.42207566535932
0.701000000000001 3.56318908762899 1.63171721399323 3.50787872423648 -1.43044940212776
0.702000000000001 3.56669521299837 1.63028258121038 3.50437259886711 -1.43881476934491
0.703000000000001 3.57019783399485 1.6288395872416 3.50086997787062 -1.44717177537613
0.704000000000001 3.57369695412107 1.62738824044391 3.49737085774441 -1.45552042857843
0.705000000000001 3.57719257687613 1.62592854916594 3.49387523498934 -1.46386073730047
0.706000000000001 3.58068470575567 1.62446052174802 3.4903831061098 -1.47219270988255
0.707000000000001 3.58417334425181 1.62298416652211 3.48689446761366 -1.48051635465664
0.708000000000001 3.5876584958532 1.62149949181187 3.48340931601228 -1.4888316799464
0.709000000000001 3.59114016404497 1.62000650593261 3.4799276478205 -1.49713869406714
0.710000000000001 3.59461835230881 1.61850521719135 3.47644945955666 -1.50543740532588
0.711000000000001 3.5980930641229 1.61699563388681 3.47297474774257 -1.51372782202134
0.712000000000001 3.60156430296196 1.6154777643094 3.46950350890352 -1.52200995244393
0.713000000000001 3.60503207229721 1.61395161674125 3.46603573956826 -1.53028380487578
0.714000000000001 3.60849637559644 1.61241719945622 3.46257143626904 -1.53854938759075
0.715000000000001 3.61195721632394 1.61087452071989 3.45911059554154 -1.54680670885442
0.716000000000001 3.61541459794056 1.60932358878958 3.45565321392492 -1.55505577692411
0.717000000000001 3.61886852390367 1.60776441191435 3.4521992879618 -1.56329660004888
0.718000000000001 3.62231899766721 1.60619699833505 3.44874881419826 -1.57152918646958
0.719000000000001 3.62576602268165 1.60462135628424 3.44530178918382 -1.57975354441877
0.720000000000001 3.62920960239402 1.60303749398629 3.44185820947146 -1.58796968212082
0.721000000000001 3.63264974024788 1.60144541965734 3.43841807161759 -1.59617760779187
0.722000000000001 3.63608643968339 1.59984514150532 3.43498137218208 -1.60437732963985
0.723000000000001 3.63951970413724 1.59823666772994 3.43154810772823 -1.61256885586447
0.724000000000001 3.6429495370427 1.59662000652273 3.42811827482278 -1.62075219465726
0.725000000000001 3.64637594182959 1.59499516606704 3.42469187003588 -1.62892735420157
0.726000000000001 3.64979892192433 1.59336215453802 3.42126888994114 -1.63709434267255
0.727000000000001 3.6532184807499 1.59172098010266 3.41784933111558 -1.64525316823719
0.728000000000001 3.65663462172585 1.59007165091979 3.41443319013963 -1.65340383905432
0.729000000000001 3.66004734826832 1.58841417514008 3.41102046359715 -1.66154636327462
0.730000000000001 3.66345666379005 1.58674856090606 3.40761114807543 -1.66968074904059
0.731000000000001 3.66686257170034 1.58507481635211 3.40420524016513 -1.67780700448664
0.732000000000001 3.67026507540511 1.58339294960449 3.40080273646036 -1.68592513773902
0.733000000000001 3.67366417830686 1.58170296878132 3.39740363355861 -1.69403515691585
0.734000000000001 3.6770598838047 1.58000488199264 3.39400792806078 -1.70213707012717
0.735000000000001 3.68045219529432 1.57829869734036 3.39061561657115 -1.71023088547489
0.736000000000001 3.68384111616805 1.57658442291828 3.38722669569743 -1.71831661105281
0.737000000000001 3.68722664981479 1.57486206681215 3.38384116205068 -1.72639425494668
0.738000000000001 3.6906087996201 1.57313163709959 3.38045901224538 -1.73446382523412
0.739000000000001 3.6939875689661 1.57139314185019 3.37708024289937 -1.74252532998472
0.740000000000001 3.69736296123159 1.56964658912545 3.37370485063389 -1.75057877725998
0.741000000000001 3.70073497979194 1.56789198697881 3.37033283207354 -1.75862417511334
0.742000000000001 3.70410362801918 1.56612934345568 3.3669641838463 -1.76666153159021
0.743000000000001 3.70746890928195 1.56435866659341 3.36359890258352 -1.77469085472794
0.744000000000001 3.71083082694555 1.56257996442133 3.36023698491993 -1.78271215255586
0.745000000000001 3.71418938437187 1.56079324496073 3.3568784274936 -1.79072543309526
0.746000000000001 3.71754458491949 1.55899851622489 3.35352322694598 -1.79873070435942
0.747000000000001 3.72089643194361 1.5571957862191 3.35017137992187 -1.80672797435363
0.748000000000001 3.72424492879606 1.55538506294061 3.34682288306942 -1.81471725107514
0.749000000000001 3.72759007882535 1.55356635437871 3.34347773304012 -1.82269854251324
0.750000000000001 3.73093188537663 1.55173966851469 3.34013592648884 -1.83067185664922
0.751000000000001 3.73427035179171 1.54990501332185 3.33679746007377 -1.83863720145638
0.752000000000001 3.73760548140905 1.54806239676556 3.33346233045643 -1.84659458490009
0.753000000000001 3.74093727756378 1.54621182680319 3.3301305343017 -1.85454401493772
0.754000000000001 3.74426574358769 1.54435331138417 3.32680206827778 -1.8624854995187
0.755000000000001 3.74759088280927 1.54248685844999 3.32347692905621 -1.87041904658452
0.756000000000001 3.75091269855363 1.54061247593419 3.32015511331184 -1.87834466406873
0.757000000000001 3.75423119414261 1.5387301717624 3.31683661772287 -1.88626235989693
0.758000000000001 3.75754637289469 1.53683995385231 3.31352143897079 -1.89417214198684
0.759000000000001 3.76085823812506 1.53494183011371 3.31020957374042 -1.90207401824824
0.760000000000001 3.76416679314557 1.53303580844846 3.3069010187199 -1.90996799658299
0.761000000000001 3.7674720412648 1.53112189675055 3.30359577060068 -1.91785408488508
0.762000000000001 3.77077398578797 1.52920010290607 3.3002938260775 -1.9257322910406
0.763000000000001 3.77407263001705 1.52727043479323 3.29699518184843 -1.93360262292776
0.764000000000001 3.77736797725067 1.52533290028235 3.29369983461481 -1.94146508841688
0.765000000000001 3.78066003078418 1.5233875072359 3.2904077810813 -1.94931969537044
0.766000000000001 3.78394879390963 1.5214342635085 3.28711901795584 -1.95716645164303
0.767000000000001 3.7872342699158 1.5194731769469 3.28383354194968 -1.96500536508143
0.768000000000001 3.79051646208814 1.51750425539 3.28055134977733 -1.97283644352453
0.769000000000001 3.79379537370887 1.5155275066689 3.27727243815661 -1.98065969480343
0.770000000000001 3.79707100805688 1.51354293860684 3.27399680380859 -1.98847512674137
0.771000000000001 3.80034336840782 1.51155055901926 3.27072444345766 -1.99628274715379
0.772000000000001 3.80361245803404 1.50955037571378 3.26745535383144 -2.00408256384831
0.773000000000001 3.80687828020463 1.5075423964902 3.26418953166084 -2.01187458462474
0.774000000000001 3.81014083818542 1.50552662914057 3.26092697368005 -2.0196588172751
0.775000000000001 3.81340013523897 1.5035030814491 3.25766767662651 -2.02743526958363
0.776000000000001 3.81665617462457 1.50147176119226 3.25441163724091 -2.03520394932679
0.777000000000001 3.81990895959826 1.49943267613871 3.25115885226722 -2.04296486427324
0.778000000000001 3.82315849341282 1.49738583404939 3.24790931845266 -2.05071802218392
0.779000000000001 3.8264047793178 1.49533124267744 3.24466303254768 -2.05846343081197
0.780000000000001 3.82964782055947 1.49326890976828 3.24141999130601 -2.06620109790281
0.781000000000001 3.83288762038088 1.49119884305957 3.23818019148459 -2.0739310311941
0.782000000000001 3.83612418202183 1.48912105028124 3.23494362984364 -2.08165323841577
0.783000000000001 3.83935750871888 1.48703553915552 3.23171030314659 -2.08936772729005
0.784000000000001 3.84258760370536 1.48494231739688 3.22848020816011 -2.09707450553141
0.785000000000001 3.84581447021136 1.4828413927121 3.22525334165411 -2.10477358084663
0.786000000000001 3.84903811146376 1.48073277280026 3.22202970040172 -2.11246496093479
0.787000000000001 3.85225853068618 1.47861646535274 3.2188092811793 -2.12014865348727
0.788000000000001 3.85547573109905 1.47649247805323 3.21559208076643 -2.12782466618776
0.789000000000001 3.85868971591957 1.47436081857775 3.2123780959459 -2.13549300671229
0.790000000000001 3.86190048836173 1.47222149459465 3.20916732350374 -2.14315368272918
0.791000000000001 3.8651080516363 1.47007451376458 3.20595976022917 -2.15080670189911
0.792000000000001 3.86831240895085 1.46791988374058 3.20275540291463 -2.15845207187511
0.793000000000001 3.87151356350972 1.46575761216801 3.19955424835576 -2.16608980030254
0.794000000000001 3.87471151851408 1.46358770668461 3.1963562933514 -2.17371989481914
0.795000000000001 3.87790627716187 1.46141017492047 3.1931615347036 -2.181342363055
0.796000000000001 3.88109784264787 1.45922502449805 3.1899699692176 -2.18895721263258
0.797000000000001 3.88428621816363 1.45703226303222 3.18678159370184 -2.19656445116675
0.798000000000001 3.88747140689753 1.4548318981302 3.18359640496794 -2.20416408626473
0.799000000000001 3.89065341203477 1.45262393739163 3.18041439983071 -2.21175612552616
0.800000000000001 3.89383223675733 1.45040838840856 3.17723557510814 -2.21934057654309
0.801000000000001 3.89700788424406 1.44818525876543 3.17405992762141 -2.22691744689996
0.802000000000001 3.9001803576706 1.44595455603912 3.17088745419488 -2.23448674417365
0.803000000000001 3.90334966020941 1.44371628779892 3.16771815165606 -2.24204847593345
0.804000000000001 3.90651579502982 1.44147046160657 3.16455201683566 -2.2496026497411
0.805000000000001 3.90967876529794 1.43921708501624 3.16138904656754 -2.25714927315077
0.806000000000001 3.91283857417675 1.43695616557455 3.15822923768873 -2.26468835370908
0.807000000000001 3.91599522482606 1.43468771082059 3.15507258703942 -2.27221989895512
0.808000000000001 3.91914872040252 1.4324117282859 3.15191909146296 -2.27974391642043
0.809000000000001 3.92229906405962 1.4301282254945 3.14876874780585 -2.28726041362903
0.810000000000001 3.92544625894772 1.42783720996289 3.14562155291776 -2.29476939809742
0.811000000000001 3.928590308214 1.42553868920005 3.14247750365148 -2.30227087733458
0.812000000000001 3.93173121500251 1.42323267070747 3.13933659686296 -2.309764858842
0.813000000000001 3.93486898245417 1.42091916197911 3.13619882941131 -2.31725135011364
0.814000000000001 3.93800361370674 1.41859817050149 3.13306419815874 -2.32473035863602
0.815000000000001 3.94113511189484 1.4162697037536 3.12993269997063 -2.33220189188813
0.816000000000001 3.94426348014999 1.41393376920698 3.12680433171549 -2.33966595734151
0.817000000000001 3.94738872160054 1.41159037432569 3.12367909026493 -2.34712256246022
0.818000000000001 3.95051083937174 1.40923952656635 3.12055697249373 -2.35457171470088
0.819000000000001 3.95362983658571 1.4068812333781 3.11743797527976 -2.36201342151263
0.820000000000001 3.95674571636145 1.40451550220265 3.11432209550403 -2.36944769033718
0.821000000000001 3.95985848181483 1.40214234047428 3.11120933005065 -2.37687452860881
0.822000000000001 3.96296813605862 1.39976175561981 3.10809967580685 -2.38429394375434
0.823000000000001 3.96607468220248 1.39737375505867 3.104993129663 -2.3917059431932
0.824000000000001 3.96917812335295 1.39497834620286 3.10188968851253 -2.39911053433739
0.825000000000001 3.97227846261347 1.39257553645696 3.09878934925201 -2.40650772459149
0.826000000000001 3.97537570308438 1.39016533321817 3.0956921087811 -2.4138975213527
0.827000000000001 3.97846984786293 1.38774774387629 3.09259796400255 -2.42127993201082
0.828000000000001 3.98156090004325 1.38532277581372 3.08950691182223 -2.42865496394825
0.829000000000001 3.98464886271641 1.38289043640551 3.08641894914907 -2.43602262454004
0.830000000000001 3.98773373897035 1.3804507330193 3.08333407289512 -2.44338292115383
0.831000000000001 3.99081553188997 1.37800367301541 3.0802522799755 -2.45073586114994
0.832000000000001 3.99389424455706 1.37554926374676 3.07717356730842 -2.45808145188129
0.833000000000001 3.99696988005032 1.37308751255895 3.07409793181516 -2.46541970069348
0.834000000000001 4.00004244144539 1.37061842679023 3.07102537042009 -2.47275061492476
0.835000000000001 4.00311193181483 1.36814201377151 3.06795588005064 -2.48007420190605
0.836000000000001 4.00617835422814 1.36565828082639 3.06488945763734 -2.48739046896092
0.837000000000001 4.00924171175174 1.36316723527113 3.06182610011374 -2.49469942340566
0.838000000000001 4.01230200744898 1.36066888441468 3.0587658044165 -2.50200107254921
0.839000000000001 4.01535924438016 1.3581632355587 3.05570856748532 -2.50929542369323
0.840000000000001 4.01841342560252 1.35565029599753 3.05265438626296 -2.51658248413206
0.841000000000001 4.02146455417023 1.35313007301824 3.04960325769524 -2.52386226115277
0.842000000000001 4.02451263313444 1.35060257390061 3.04655517873103 -2.53113476203514
0.843000000000001 4.02755766554322 1.34806780591713 3.04351014632226 -2.53839999405166
0.844000000000001 4.03059965444159 1.34552577633303 3.04046815742389 -2.54565796446757
0.845000000000001 4.03363860287155 1.3429764924063 3.03742920899392 -2.55290868054084
0.846000000000001 4.03667451387205 1.34041996138765 3.03439329799342 -2.56015214952218
0.847000000000001 4.039707390479 1.33785619052054 3.03136042138647 -2.56738837865507
0.848000000000001 4.04273723572528 1.33528518704121 3.0283305761402 -2.57461737517574
0.849000000000001 4.04576405264073 1.33270695817865 3.02530375922475 -2.58183914631318
0.850000000000001 4.04878784425216 1.33012151115464 3.02227996761331 -2.58905369928917
0.851000000000001 4.05180861358338 1.32752885318372 3.0192591982821 -2.59626104131825
0.852000000000001 4.05482636365515 1.32492899147325 3.01624144821033 -2.60346117960778
0.853000000000001 4.05784109748522 1.32232193322336 3.01322671438026 -2.61065412135788
0.854000000000001 4.06085281808832 1.31970768562698 3.01021499377716 -2.61783987376151
0.855000000000001 4.06386152847617 1.31708625586989 3.0072062833893 -2.62501844400442
0.856000000000001 4.0668672316575 1.31445765113063 3.00420058020798 -2.63218983926517
0.857000000000001 4.06986993063799 1.31182187858062 3.00119788122749 -2.63935406671516
0.858000000000001 4.07286962842035 1.30917894538408 2.99819818344512 -2.64651113351862
0.859000000000001 4.07586632800428 1.30652885869808 2.9952014838612 -2.65366104683261
0.860000000000001 4.07886003238648 1.30387162567253 2.992207779479 -2.66080381380706
0.861000000000001 4.08185074456064 1.3012072534502 2.98921706730483 -2.66793944158473
0.862000000000001 4.08483846751749 1.29853574916672 2.98622934434799 -2.67506793730125
0.863000000000001 4.08782320424475 1.29585711995058 2.98324460762073 -2.68218930808511
0.864000000000001 4.09080495772715 1.29317137292315 2.98026285413833 -2.68930356105768
0.865000000000001 4.09378373094644 1.29047851519869 2.97728408091903 -2.69641070333322
0.866000000000001 4.09675952688141 1.28777855388435 2.97430828498406 -2.70351074201888
0.867000000000001 4.09973234850785 1.28507149608015 2.97133546335763 -2.71060368421468
0.868000000000001 4.10270219879857 1.28235734887905 2.9683656130669 -2.71768953701358
0.869000000000001 4.10566908072344 1.2796361193669 2.96539873114204 -2.72476830750143
0.870000000000001 4.10863299724932 1.27690781462246 2.96243481461615 -2.73184000275699
0.871000000000001 4.11159395134015 1.27417244171743 2.95947386052533 -2.73890462985197
0.872000000000001 4.11455194595687 1.27143000771645 2.95651586590861 -2.74596219585098
0.873000000000001 4.11750698405747 1.26868051967708 2.953560827808 -2.75301270781161
0.874000000000001 4.120459068597 1.26592398464982 2.95060874326847 -2.76005617278436
0.875000000000001 4.12340820252754 1.26316040967816 2.94765960933793 -2.76709259781269
0.876000000000001 4.12635438879823 1.2603898017985 2.94471342306724 -2.77412198993303
0.877000000000001 4.12929763035525 1.25761216804025 2.94177018151023 -2.78114435617478
0.878000000000001 4.13223793014184 1.25482751542577 2.93882988172363 -2.7881597035603
0.879000000000001 4.13517529109831 1.25203585097041 2.93589252076717 -2.79516803910494
0.880000000000001 4.13810971616201 1.2492371816825 2.93295809570347 -2.80216936981704
0.881000000000001 4.14104120826737 1.24643151456339 2.93002660359811 -2.80916370269792
0.882000000000001 4.14396977034588 1.24361885660739 2.9270980415196 -2.81615104474192
0.883000000000001 4.1468954053261 1.24079921480185 2.92417240653937 -2.82313140293638
0.884000000000001 4.14981811613368 1.23797259612714 2.92124969573179 -2.83010478426167
0.885000000000001 4.15273790569132 1.23513900755663 2.91832990617416 -2.83707119569116
0.886000000000001 4.15565477691881 1.23229845605673 2.91541303494667 -2.84403064419126
0.887000000000001 4.15856873273302 1.2294509485869 2.91249907913246 -2.85098313672143
0.888000000000001 4.1614797760479 1.22659649209963 2.90958803581757 -2.85792868023416
0.889000000000001 4.16438790977451 1.22373509354046 2.90667990209096 -2.86486728167499
0.890000000000001 4.16729313682098 1.22086675984799 2.9037746750445 -2.87179894798252
0.891000000000001 4.17019546009253 1.21799149795389 2.90087235177295 -2.87872368608843
0.892000000000001 4.17309488249148 1.21510931478291 2.89797292937399 -2.88564150291744
0.893000000000001 4.17599140691727 1.21222021725285 2.89507640494821 -2.89255240538738
0.894000000000001 4.17888503626641 1.20932421227461 2.89218277559907 -2.89945640040915
0.895000000000001 4.18177577343253 1.20642130675221 2.88929203843295 -2.90635349488674
0.896000000000001 4.18466362130637 1.20351150758272 2.88640419055911 -2.91324369571725
0.897000000000001 4.18754858277578 1.20059482165636 2.8835192290897 -2.92012700979089
0.898000000000001 4.19043066072572 1.19767125585643 2.88063715113975 -2.92700344399096
0.899000000000001 4.19330985803827 1.19474081705937 2.8777579538272 -2.93387300519391
0.900000000000001 4.19618617759263 1.19180351213475 2.87488163427285 -2.94073570026928
0.901000000000001 4.19905962226511 1.18885934794526 2.87200818960036 -2.94759153607979
0.902000000000001 4.20193019492917 1.18590833134673 2.86913761693631 -2.95444051948126
0.903000000000001 4.20479789845536 1.18295046918815 2.86626991341011 -2.96128265732268
0.904000000000001 4.20766273571141 1.17998576831166 2.86340507615407 -2.96811795644619
0.905000000000001 4.21052470956214 1.17701423555255 2.86054310230334 -2.97494642368708
0.906000000000001 4.21338382286953 1.1740358777393 2.85768398899595 -2.98176806587383
0.907000000000001 4.21624007849269 1.17105070169355 2.85482773337278 -2.98858288982808
0.908000000000001 4.21909347928788 1.16805871423012 2.85197433257759 -2.99539090236465
0.909000000000001 4.22194402810851 1.16505992215702 2.84912378375697 -3.00219211029155
0.910000000000001 4.22479172780511 1.16205433227547 2.84627608406037 -3.00898652041
0.911000000000001 4.22763658122539 1.15904195137987 2.84343123064009 -3.0157741395144
0.912000000000001 4.2304785912142 1.15602278625785 2.84058922065128 -3.02255497439238
0.913000000000001 4.23331776061355 1.15299684369024 2.83775005125192 -3.02932903182477
0.914000000000001 4.23615409226262 1.14996413045109 2.83491371960286 -3.03609631858562
0.915000000000001 4.23898758899773 1.1469246533077 2.83208022286775 -3.04285684144223
0.916000000000001 4.24181825365238 1.14387841902059 2.8292495582131 -3.04961060715512
0.917000000000001 4.24464608905724 1.14082543434352 2.82642172280824 -3.05635762247805
0.918000000000001 4.24747109804014 1.13776570602351 2.82359671382534 -3.06309789415804
0.919000000000001 4.25029328342609 1.13469924080084 2.82077452843939 -3.06983142893537
0.920000000000001 4.25311264803727 1.13162604540903 2.8179551638282 -3.07655823354356
0.921000000000001 4.25592919469306 1.1285461265749 2.81513861717241 -3.08327831470943
0.922000000000001 4.25874292621 1.12545949101852 2.81232488565548 -3.08999167915305
0.923000000000001 4.26155384540182 1.12236614545326 2.80951396646366 -3.09669833358779
0.924000000000001 4.26436195507943 1.11926609658578 2.80670585678604 -3.10339828472031
0.925000000000001 4.26716725805096 1.11615935111602 2.80390055381452 -3.11009153925055
0.926000000000001 4.26996975712169 1.11304591573725 2.80109805474378 -3.11677810387178
0.927000000000001 4.27276945509414 1.10992579713602 2.79829835677133 -3.12345798527055
0.928000000000001 4.275566354768 1.10679900199222 2.79550145709747 -3.13013119012675
0.929000000000001 4.27836045894017 1.10366553697905 2.7927073529253 -3.13679772511359
0.930000000000001 4.28115177040476 1.10052540876306 2.78991604146072 -3.14345759689759
0.931000000000001 4.28394029195307 1.09737862400411 2.78712751991241 -3.15011081213864
0.932000000000001 4.28672602637362 1.09422518935541 2.78434178549185 -3.15675737748994
0.933000000000001 4.28950897645216 1.09106511146354 2.78155883541331 -3.16339729959807
0.934000000000001 4.29228914497163 1.08789839696842 2.77877866689384 -3.17003058510295
0.935000000000001 4.29506653471221 1.08472505250333 2.77600127715327 -3.17665724063786
0.936000000000001 4.29784114845128 1.08154508469492 2.7732266634142 -3.18327727282945
0.937000000000001 4.30061298896345 1.07835850016324 2.77045482290203 -3.18989068829777
0.938000000000001 4.30338205902056 1.0751653055217 2.76768575284491 -3.19649749365623
0.939000000000001 4.3061483613917 1.0719655073771 2.76491945047378 -3.20309769551163
0.940000000000001 4.30891189884315 1.06875911232964 2.76215591302232 -3.20969130046417
0.941000000000001 4.31167267413846 1.06554612697294 2.75939513772701 -3.21627831510747
0.942000000000001 4.3144306900384 1.062326557894 2.75663712182707 -3.22285874602853
0.943000000000001 4.317185949301 1.05910041167326 2.75388186256448 -3.22943259980779
0.944000000000001 4.31993845468149 1.05586769488457 2.75112935718398 -3.23599988301911
0.945000000000001 4.32268820893241 1.05262841409522 2.74837960293307 -3.24256060222976
0.946000000000001 4.32543521480349 1.04938257586593 2.74563259706199 -3.24911476400046
0.947000000000001 4.32817947504174 1.04613018675085 2.74288833682373 -3.25566237488538
0.948000000000001 4.33092099239143 1.0428712532976 2.74014681947404 -3.26220344143213
0.949000000000001 4.33365976959407 1.03960578204725 2.7374080422714 -3.26873797018178
0.950000000000001 4.33639580938844 1.03633377953433 2.73467200247703 -3.27526596766886
0.951000000000001 4.33912911451058 1.03305525228683 2.73193869735489 -3.28178744042136
0.952000000000001 4.3418596876938 1.02977020682622 2.72920812417168 -3.28830239496075
0.953000000000001 4.34458753166866 1.02647864966747 2.72648028019681 -3.294810837802
0.954000000000001 4.34731264916302 1.02318058731901 2.72375516270246 -3.30131277545355
0.955000000000001 4.35003504290199 1.01987602628279 2.72103276896349 -3.30780821441732
0.956000000000001 4.35275471560796 1.01656497305424 2.71831309625752 -3.31429716118878
0.957000000000001 4.35547167000061 1.01324743412232 2.71559614186487 -3.32077962225685
0.958000000000001 4.35818590879689 1.00992341596947 2.71288190306859 -3.327255604104
0.959000000000001 4.36089743471104 1.00659292507169 2.71017037715444 -3.33372511320622
0.960000000000001 4.36360625045458 1.00325596789848 2.70746156141089 -3.34018815603302
0.961000000000001 4.36631235873635 0.999912550912892 2.70475545312913 -3.34664473904743
0.962000000000001 4.36901576226243 0.996562680571506 2.70205204960305 -3.35309486870604
0.963000000000001 4.37171646373624 0.99320636332445 2.69935134812924 -3.35953855145898
0.964000000000001 4.37441446585847 0.989843605615411 2.696653346007 -3.36597579374994
0.965000000000001 4.37710977132714 0.986474413881625 2.69395804053834 -3.37240660201616
0.966000000000001 4.37980238283753 0.983098794553909 2.69126542902794 -3.37883098268844
0.967000000000001 4.38249230308228 0.979716754056637 2.6885755087832 -3.38524894219117
0.968000000000001 4.38517953475129 0.976328298807775 2.68588827711418 -3.39166048694231
0.969000000000001 4.3878640805318 0.972933435218867 2.68320373133367 -3.3980656233534
0.970000000000001 4.39054594310836 0.969532169695048 2.68052186875711 -3.40446435782958
0.971000000000001 4.39322512516283 0.966124508635055 2.67784268670265 -3.41085669676959
0.972000000000001 4.39590162937438 0.962710458431221 2.6751661824911 -3.41724264656575
0.973000000000001 4.39857545841953 0.959290025469507 2.67249235344595 -3.42362221360404
0.974000000000001 4.4012466149721 0.955863216129474 2.66982119689337 -3.42999540426401
0.975000000000001 4.40391510170326 0.952430036784314 2.66715271016222 -3.43636222491885
0.976000000000001 4.40658092128148 0.948990493800849 2.664486890584 -3.44272268193538
0.977000000000001 4.40924407637259 0.945544593539537 2.66182373549289 -3.44907678167407
0.978000000000001 4.41190456963974 0.942092342354476 2.65916324222574 -3.45542453048901
0.979000000000001 4.41456240374343 0.938633746593416 2.65650540812205 -3.46176593472795
0.980000000000001 4.41721758134149 0.935168812597764 2.65385023052399 -3.4681010007323
0.981000000000001 4.41987010508909 0.931697546702585 2.65119770677638 -3.47442973483712
0.982000000000001 4.42251997763877 0.928219955236614 2.64854783422671 -3.48075214337115
0.983000000000001 4.42516720164039 0.924736044522257 2.64590061022508 -3.48706823265679
0.984000000000001 4.42781177974119 0.921245820875612 2.64325603212429 -3.49337800901014
0.985000000000001 4.43045371458573 0.917749290606446 2.64061409727975 -3.49968147874098
0.986000000000001 4.43309300881595 0.914246460018234 2.63797480304952 -3.50597864815277
0.987000000000001 4.43572966507115 0.910737335408148 2.63533814679432 -3.51226952354268
0.988000000000001 4.43836368598799 0.907221923067059 2.63270412587749 -3.51855411120159
0.989000000000001 4.44099507420048 0.90370022927956 2.630072737665 -3.52483241741409
0.990000000000001 4.44362383234001 0.900172260323954 2.62744397952547 -3.53110444845849
0.991000000000001 4.44624996303534 0.896638022472274 2.62481784883013 -3.53737021060681
0.992000000000001 4.44887346891261 0.893097521990285 2.62219434295287 -3.54362971012482
0.993000000000001 4.45149435259531 0.889550765137484 2.61957345927016 -3.54988295327202
0.994000000000001 4.45411261670434 0.885997758167113 2.61695519516114 -3.55612994630165
0.995000000000001 4.45672826385795 0.882438507326169 2.61433954800752 -3.5623706954607
0.996000000000001 4.4593412966718 0.878873018855399 2.61172651519368 -3.56860520698993
0.997000000000001 4.46195171775891 0.875301298989321 2.60911609410656 -3.57483348712385
0.998000000000001 4.46455952972972 0.871723353956209 2.60650828213576 -3.58105554209074
0.999000000000001 4.46716473519202 0.868139189978121 2.60390307667345 -3.58727137811265
1 4.46976733675103 0.864548813270892 2.60130047511444 -3.59348100140543
1.001 4.47236733700935 0.86095223004415 2.59870047485612 -3.59968441817868
1.002 4.47496473856698 0.857349446501308 2.5961030732985 -3.60588163463584
1.003 4.47755954402131 0.853740468839586 2.59350826784416 -3.61207265697411
1.004 4.48015175596717 0.850125303250003 2.59091605589831 -3.61825749138453
1.005 4.48274137699675 0.846503955917397 2.58832643486873 -3.62443614405192
1.006 4.48532840969968 0.842876433020423 2.58573940216579 -3.63060862115495
1.007 4.48791285666299 0.839242740731555 2.58315495520248 -3.63677492886608
1.008 4.49049472047114 0.835602885217099 2.58057309139434 -3.64293507335162
1.009 4.49307400370597 0.831956872637207 2.5779938081595 -3.64908906077173
1.01 4.49565070894679 0.828304709145861 2.57541710291869 -3.65523689728038
1.011 4.49822483877028 0.8246464008909 2.57284297309519 -3.66137858902542
1.012 4.50079639575059 0.820981954014018 2.57027141611488 -3.66751414214854
1.013 4.50336538245927 0.817311374650766 2.56770242940621 -3.67364356278528
1.014 4.5059318014653 0.813634668930568 2.56513601040017 -3.67976685706508
1.015 4.50849565533511 0.809951842976716 2.56257215653036 -3.68588403111123
1.016 4.51105694663255 0.806262902906383 2.56001086523292 -3.6919950910409
1.017 4.51361567791892 0.802567854830635 2.55745213394656 -3.69810004296515
1.018 4.51617185175293 0.798866704854422 2.55489596011254 -3.70419889298893
1.019 4.51872547069077 0.795159459076594 2.5523423411747 -3.7102916472111
1.02 4.52127653728606 0.791446123589903 2.54979127457941 -3.71637831172441
1.021 4.52382505408986 0.787726704481019 2.54724275777561 -3.72245889261553
1.022 4.52637102365069 0.784001207830521 2.54469678821478 -3.72853339596503
1.023 4.52891444851452 0.780269639712913 2.54215336335095 -3.73460182784742
1.024 4.53145533122478 0.776532006196623 2.5396124806407 -3.74066419433113
1.025 4.53399367432234 0.772788313344028 2.53707413754313 -3.74672050147853
1.026 4.53652948034556 0.769038567211428 2.53453833151992 -3.75277075534593
1.027 4.53906275183023 0.765282773849082 2.53200506003525 -3.75881496198358
1.028 4.54159349130963 0.761520939301191 2.52947432055585 -3.76485312743569
1.029 4.5441217013145 0.757753069605926 2.52694611055098 -3.77088525774043
1.03 4.54664738437304 0.753979170795414 2.52442042749243 -3.77691135892992
1.031 4.54917054301095 0.750199248895763 2.52189726885452 -3.78293143703026
1.032 4.55169117975138 0.746413309927044 2.51937663211409 -3.78894549806154
1.033 4.55420929711497 0.742621359903326 2.5168585147505 -3.79495354803782
1.034 4.55672489761984 0.738823404832655 2.51434291424564 -3.80095559296715
1.035 4.55923798378158 0.735019450717076 2.5118298280839 -3.80695163885157
1.036 4.56174855811328 0.731209503552634 2.50931925375219 -3.81294169168713
1.037 4.56425662312552 0.727393569329386 2.50681118873995 -3.81892575746388
1.038 4.56676218132637 0.723571654031399 2.50430563053911 -3.82490384216589
1.039 4.56926523522137 0.719743763636755 2.50180257664411 -3.83087595177124
1.04 4.57176578731359 0.715909904117565 2.49930202455189 -3.83684209225205
1.041 4.57426384010357 0.71207008143997 2.4968039717619 -3.84280226957446
1.042 4.57675939608938 0.708224301564151 2.4943084157761 -3.84875648969864
1.043 4.57925245776656 0.704372570444322 2.49181535409891 -3.85470475857881
1.044 4.58174302762818 0.700514894028757 2.48932478423729 -3.86064708216324
1.045 4.58423110816481 0.696651278259781 2.48683670370067 -3.86658346639426
1.046 4.58671670186453 0.692781729073776 2.48435111000095 -3.87251391720826
1.047 4.58919981121293 0.688906252401196 2.48186800065255 -3.87843844053568
1.048 4.59168043869312 0.685024854166558 2.47938737317235 -3.88435704230104
1.049 4.59415858678573 0.681137540288473 2.47690922507974 -3.89026972842295
1.05 4.59663425796892 0.677244316679625 2.47443355389656 -3.8961765048141
1.051 4.59910745471834 0.673345189246788 2.47196035714714 -3.90207737738126
1.05199999999999 4.6015781795072 0.669440163890837 2.46948963235828 -3.90797235202531
1.05299999999999 4.60404643480622 0.665529246506747 2.46702137705926 -3.91386143464122
1.05399999999999 4.60651222308366 0.661612442983602 2.46455558878182 -3.91974463111808
1.05499999999999 4.6089755468053 0.657689759204599 2.46209226506018 -3.92562194733907
1.05599999999999 4.61143640843447 0.65376120104705 2.459631403431 -3.93149338918152
1.05699999999999 4.61389481043204 0.649826774382403 2.45717300143344 -3.93735896251687
1.05799999999999 4.6163507552564 0.645886485076232 2.45471705660908 -3.9432186732107
1.05899999999999 4.61880424536349 0.641940338988244 2.45226356650198 -3.94907252712271
1.05999999999999 4.62125528320682 0.637988341972296 2.44981252865865 -3.95492053010676
1.06099999999999 4.62370387123742 0.634030499876392 2.44736394062806 -3.96076268801086
1.06199999999999 4.62615001190386 0.630066818542687 2.44491779996161 -3.96659900667715
1.06299999999999 4.62859370765231 0.626097303807507 2.44247410421316 -3.97242949194197
1.06399999999999 4.63103496092645 0.622121961501328 2.44003285093903 -3.97825414963579
1.06499999999999 4.63347377416753 0.618140797448817 2.43759403769794 -3.98407298558328
1.06599999999999 4.63591014981438 0.614153817468804 2.4351576620511 -3.98988600560327
1.06699999999999 4.63834409030335 0.610161027374318 2.43272372156212 -3.99569321550878
1.06799999999999 4.64077559806841 0.606162432972557 2.43029221379707 -4.00149462110702
1.06899999999999 4.64320467554105 0.602158040064939 2.42786313632443 -4.0072902281994
1.06999999999999 4.64563132515034 0.598147854447063 2.42543648671513 -4.01308004258152
1.07099999999999 4.64805554932295 0.594131881908748 2.42301226254252 -4.0188640700432
1.07199999999999 4.6504773504831 0.590110128234022 2.42059046138238 -4.02464231636848
1.07299999999999 4.65289673105258 0.586082599201132 2.41817108081289 -4.03041478733559
1.07399999999999 4.65531369345078 0.582049300582549 2.41575411841469 -4.036181488717
1.07499999999999 4.65772824009466 0.578010238144973 2.41333957177081 -4.04194242627942
1.07599999999999 4.66014037339877 0.573965417649342 2.41092743846671 -4.04769760578379
1.07699999999999 4.66255009577524 0.569914844850839 2.40851771609024 -4.05344703298529
1.07799999999999 4.66495740963379 0.565858525498891 2.40611040223169 -4.05919071363334
1.07899999999999 4.66736231738174 0.561796465337176 2.40370549448374 -4.06492865347162
1.07999999999999 4.66976482142399 0.557728670103639 2.40130299044149 -4.07066085823808
1.08099999999999 4.67216492416305 0.553655145530481 2.39890288770242 -4.07638733366493
1.08199999999999 4.67456262799903 0.54957589734418 2.39650518386645 -4.08210808547862
1.08299999999999 4.67695793532962 0.545490931265489 2.39410987653585 -4.08782311939993
1.08399999999999 4.67935084855014 0.54140025300944 2.39171696331534 -4.09353244114388
1.08499999999999 4.68174137005349 0.537303868285358 2.38932644181199 -4.0992360564198
1.08599999999999 4.6841295022302 0.533201782796857 2.38693830963527 -4.1049339709313
1.08699999999999 4.68651524746841 0.529094002241854 2.38455256439707 -4.11062619037629
1.08799999999999 4.68889860815385 0.524980532312561 2.38216920371163 -4.116312720447
1.08899999999999 4.69127958666989 0.520861378695523 2.37978822519559 -4.12199356682996
1.08999999999999 4.6936581853975 0.516736547071574 2.37740962646798 -4.12766873520601
1.09099999999999 4.69603440671529 0.512606043115889 2.37503340515018 -4.13333823125032
1.09199999999999 4.69840825299948 0.508469872497962 2.372659558866 -4.13900206063239
1.09299999999999 4.70077972662391 0.504328040881624 2.37028808524157 -4.14466022901605
1.09399999999999 4.70314882996006 0.500180553925045 2.36791898190542 -4.15031274205947
1.09499999999999 4.70551556537703 0.496027417280736 2.36555224648845 -4.15595960541516
1.09599999999999 4.70787993524155 0.49186863659556 2.36318787662393 -4.16160082472999
1.09699999999999 4.710241941918 0.487704217510741 2.36082586994747 -4.16723640564517
1.09799999999999 4.71260158776839 0.48353416566186 2.35846622409709 -4.17286635379629
1.09899999999999 4.71495887515235 0.479358486678862 2.35610893671312 -4.17849067481329
1.09999999999999 4.71731380642718 0.475177186186068 2.35375400543829 -4.18410937432049
1.10099999999999 4.71966638394781 0.470990269802185 2.35140142791766 -4.18972245793661
1.10199999999999 4.72201661006682 0.46679774314029 2.34905120179866 -4.19532993127471
1.10299999999999 4.72436448713443 0.462599611807862 2.34670332473105 -4.20093179994228
1.10399999999999 4.72671001749851 0.458395881406762 2.34435779436696 -4.20652806954118
1.10499999999999 4.72905320350461 0.454186557533269 2.34201460836086 -4.21211874566769
1.10599999999999 4.73139404749591 0.449971645778055 2.33967376436957 -4.21770383391247
1.10699999999999 4.73373255181324 0.445751151726212 2.33733526005223 -4.22328333986063
1.10799999999999 4.73606871879512 0.441525080957241 2.33499909307035 -4.22885726909166
1.10899999999999 4.73840255077771 0.437293439045076 2.33266526108776 -4.23442562717949
1.10999999999999 4.74073405009485 0.433056231558076 2.33033376177062 -4.23998841969249
1.11099999999999 4.74306321907803 0.428813464059031 2.32800459278744 -4.24554565219344
1.11199999999999 4.74539006005643 0.424565142105173 2.32567775180905 -4.25109733023958
1.11299999999999 4.74771457535688 0.420311271248185 2.3233532365086 -4.25664345938259
1.11399999999999 4.7500367673039 0.416051857034194 2.32103104456158 -4.2621840451686
1.11499999999999 4.75235663821968 0.411786905003789 2.3187111736458 -4.2677190931382
1.11599999999999 4.75467419042409 0.407516420692014 2.31639362144138 -4.27324860882642
1.11699999999999 4.75698942623469 0.403240409628387 2.31407838563078 -4.27877259776279
1.11799999999999 4.75930234796671 0.398958877336899 2.31176546389876 -4.2842910654713
1.11899999999999 4.76161295793308 0.394671829336016 2.3094548539324 -4.28980401747042
1.11999999999999 4.76392125844439 0.39037927113869 2.30714655342108 -4.29531145927309
1.12099999999999 4.76622725180897 0.386081208252364 2.30484056005651 -4.30081339638677
1.12199999999999 4.76853094033279 0.38177764617898 2.30253687153269 -4.30630983431338
1.12299999999999 4.77083232631954 0.377468590414971 2.30023548554593 -4.31180077854937
1.12399999999999 4.77313141207062 0.373154046451281 2.29793639979485 -4.31728623458568
1.12499999999999 4.77542819988511 0.368834019773372 2.29563961198036 -4.32276620790777
1.12599999999999 4.7777226920598 0.364508515861212 2.29334511980568 -4.32824070399561
1.12699999999999 4.78001489088917 0.360177540189301 2.2910529209763 -4.3337097283237
1.12799999999999 4.78230479866543 0.355841098226662 2.28876301320004 -4.33917328636106
1.12899999999999 4.78459241767849 0.351499195436855 2.28647539418698 -4.34463138357125
1.12999999999999 4.78687775021597 0.347151837277977 2.28419006164951 -4.35008402541237
1.13099999999999 4.78916079856319 0.342799029202672 2.28190701330229 -4.35553121733706
1.13199999999999 4.79144156500321 0.338440776658127 2.27962624686227 -4.36097296479252
1.13299999999999 4.79372005181679 0.334077085086095 2.27734776004869 -4.36640927322048
1.13399999999999 4.79599626128242 0.329707959922883 2.27507155058306 -4.37184014805727
1.13499999999999 4.79827019567631 0.325333406599368 2.27279761618917 -4.37726559473375
1.13599999999999 4.8005418572724 0.320953430540994 2.27052595459308 -4.38268561867538
1.13699999999999 4.80281124834234 0.316568037167789 2.26825656352314 -4.38810022530217
1.13799999999999 4.80507837115553 0.31217723189436 2.26598944070995 -4.39350942002874
1.13899999999999 4.80734322797909 0.307781020129896 2.26372458388639 -4.39891320826428
1.13999999999999 4.80960582107787 0.303379407278193 2.2614619907876 -4.40431159541257
1.14099999999999 4.81186615271448 0.298972398737634 2.25920165915099 -4.40970458687202
1.14199999999999 4.81412422514924 0.294559999901216 2.25694358671623 -4.41509218803559
1.14299999999998 4.81638004064023 0.290142216156536 2.25468777122525 -4.42047440429091
1.14399999999998 4.81863360144326 0.28571905288581 2.25243421042222 -4.42585124102019
1.14499999999998 4.82088490981188 0.281290515465876 2.25018290205359 -4.43122270360025
1.14599999999998 4.82313396799742 0.276856609268204 2.24793384386805 -4.43658879740258
1.14699999999998 4.82538077824893 0.272417339658878 2.24568703361655 -4.44194952779325
1.14799999999998 4.82762534281322 0.267972711998635 2.24344246905226 -4.44730490013301
1.14899999999998 4.82986766393485 0.263522731642844 2.24120014793063 -4.45265491977722
1.14999999999998 4.83210774385615 0.259067403941531 2.23896006800933 -4.4579995920759
1.15099999999998 4.83434558481719 0.254606734239363 2.23672222704829 -4.46333892237373
1.15199999999998 4.83658118905582 0.250140727875671 2.23448662280966 -4.46867291601004
1.15299999999998 4.83881455880763 0.24566939018445 2.23225325305784 -4.47400157831882
1.15399999999998 4.84104569630601 0.241192726494367 2.23002211555946 -4.47932491462873
1.15499999999998 4.84327460378209 0.236710742128754 2.22779320808338 -4.48464293026312
1.15599999999998 4.84550128346478 0.232223442405628 2.2255665284007 -4.48995563053999
1.15699999999998 4.84772573758075 0.227730832637688 2.22334207428473 -4.49526302077205
1.15799999999998 4.84994796835446 0.22323291813233 2.22111984351101 -4.50056510626669
1.15899999999998 4.85216797800815 0.218729704191635 2.21889983385733 -4.50586189232599
1.15999999999998 4.85438576876181 0.214221196112391 2.21668204310367 -4.51115338424675
1.16099999999998 4.85660134283325 0.209707399186092 2.21446646903223 -4.51643958732045
1.16199999999998 4.85881470243803 0.205188318698939 2.21225310942745 -4.52172050683329
1.16299999999998 4.86102584978952 0.200663959931852 2.21004196207596 -4.52699614806621
1.16399999999998 4.86323478709886 0.196134328160475 2.20783302476661 -4.53226651629483
1.16499999999998 4.86544151657499 0.191599428655174 2.20562629529048 -4.53753161678953
1.16599999999998 4.86764604042465 0.187059266681052 2.20342177144083 -4.54279145481541
1.16699999999998 4.86984836085235 0.182513847497948 2.20121945101313 -4.5480460356323
1.16799999999998 4.87204848006042 0.177963176360441 2.19901933180506 -4.55329536449479
1.16899999999998 4.87424640024897 0.173407258517861 2.19682141161651 -4.55853944665221
1.16999999999998 4.87644212361592 0.168846099214292 2.19462568824955 -4.56377828734864
1.17099999999998 4.87863565235701 0.164279703688573 2.19243215950847 -4.56901189182292
1.17199999999998 4.88082698866575 0.159708077174308 2.19024082319973 -4.57424026530865
1.17299999999998 4.88301613473349 0.155131224899874 2.18805167713199 -4.57946341303422
1.17399999999998 4.88520309274936 0.150549152088422 2.18586471911611 -4.58468134022276
1.17499999999998 4.88738786490034 0.14596186395787 2.18367994696514 -4.58989405209221
1.17599999999998 4.88957045337119 0.141369365720939 2.18149735849429 -4.59510155385528
1.17699999999998 4.89175086034449 0.136771662585126 2.17931695152098 -4.60030385071947
1.17799999999998 4.89392908800067 0.132168759752735 2.17713872386481 -4.60550094788707
1.17899999999998 4.89610513851794 0.127560662420855 2.17496267334754 -4.61069285055519
1.17999999999998 4.89827901407235 0.122947375781393 2.17278879779313 -4.61587956391573
1.18099999999998 4.90045071683778 0.118328905021064 2.17061709502769 -4.6210610931554
1.18199999999998 4.90262024898594 0.113705255321396 2.16844756287953 -4.62623744345573
1.18299999999998 4.90478761268636 0.109076431858741 2.16628019917912 -4.63140861999308
1.18399999999998 4.90695281010639 0.104442439804274 2.16411500175908 -4.63657462793861
1.18499999999998 4.90911584341125 0.0998032843240075 2.16195196845423 -4.64173547245834
1.18599999999998 4.91127671476395 0.0951589705787832 2.15979109710152 -4.64689115871311
1.18699999999998 4.91343542632538 0.0905095037242845 2.15763238554009 -4.65204169185861
1.18799999999998 4.91559198025424 0.0858548889110509 2.15547583161123 -4.65718707704538
1.18899999999998 4.9177463787071 0.0811951312844652 2.15332143315838 -4.66232731941879
1.18999999999998 4.91989862383833 0.0765302359847713 2.15116918802714 -4.6674624241191
1.19099999999998 4.92204871780021 0.0718602081470738 2.14901909406527 -4.6725923962814
1.19199999999998 4.9241966627428 0.0671850529013458 2.14687114912267 -4.67771724103567
1.19299999999998 4.92634246081407 0.0625047753724335 2.1447253510514 -4.68283696350676
1.19399999999998 4.92848611415981 0.0578193806800549 2.14258169770566 -4.68795156881438
1.19499999999998 4.93062762492368 0.0531288739388192 2.1404401869418 -4.69306106207314
1.19599999999998 4.93276699524718 0.0484332602582214 2.1383008166183 -4.69816544839254
1.19699999999998 4.93490422726968 0.0437325447426478 2.13616358459579 -4.70326473287697
1.19799999999998 4.93703932312842 0.0390267324913811 2.13402848873705 -4.7083589206257
1.19899999999998 4.9391722849585 0.0343158285986114 2.13189552690698 -4.71344801673293
1.19999999999998 4.94130311489287 0.0295998381534339 2.12976469697261 -4.71853202628775
1.20099999999998 4.94343181506236 0.0248787662398602 2.12763599680311 -4.72361095437417
1.20199999999998 4.94555838759569 0.0201526179368177 2.12550942426979 -4.72868480607113
1.20299999999998 4.94768283461941 0.015421398318157 2.12338497724607 -4.73375358645247
1.20399999999998 4.94980515825797 0.010685112452661 2.1212626536075 -4.73881730058697
1.20499999999998 4.95192536063371 0.0059437654040444 2.11914245123177 -4.74387595353836
1.20599999999998 4.95404344386682 0.00119736223096112 2.11702436799866 -4.74892955036527
1.20699999999998 4.95615941007538 -0.00355409201299395 2.11490840179009 -4.75397809612131
