0 0 0 7.07106781186548 7.07106781186547
0.001 0.00706047180879916 0.00705557670512633 7.04988639643908 7.04010108175009
0.002 0.0140997939425468 0.0140802330838173 7.02876843003784 7.00922711261402
0.003 0.0211180297551897 0.0210740617580497 7.00771372259991 6.97844562659133
0.004 0.0281152424108974 0.0280371550723508 6.98672208463278 6.94775634664842
0.005 0.035091494884631 0.0349696050946294 6.96579332721158 6.91715899658159
0.006 0.0420468499627097 0.0418715036170045 6.94492726197735 6.88665330101446
0.007 0.0489813702433768 0.048742942156632 6.92412370113535 6.85623898539558
0.008 0.055895118137361 0.0555840119565265 6.90338245745339 6.82591577599589
0.009 0.0627881558684403 0.0623948039863846 6.88270334426015 6.79568339990632
0.01 0.0696605454740007 0.0691754089434029 6.86208617544347 6.76554158503527
0.011 0.076512348805595 0.0759259172530934 6.84153076544869 6.73549006010619
0.012 0.0833436275294997 0.0826464190700991 6.82103692927698 6.70552855465518
0.013 0.0901544431272689 0.0893370042790029 6.80060448248367 6.67565679902846
0.014 0.0969448568962896 0.0959977624951398 6.78023324117661 6.64587452438005
0.015 0.103714929950331 0.1026287830654 6.75992302201448 6.61618146266927
0.016 0.110464723220097 0.109230155069036 6.73967364220519 6.58657734665837
0.017 0.117194297453772 0.115801967318462 6.71948491950416 6.55706190991009
0.018 0.123903713217569 0.122344308360055 6.69935667221277 6.52763488678531
0.019 0.130593030896276 0.128857266474951 6.67928871917665 6.49829601244062
0.02 0.137262310693797 0.135340929679837 6.65928087978408 6.46904502282596
0.021 0.143911612633696 0.141795385727751 6.63933297396439 6.43988165468222
0.022 0.150540996559734 0.14822072210886 6.61944482218627 6.41080564553889
0.023 0.157150522136412 0.154617026051258 6.59961624545624 6.3818167337117
0.024 0.163740248849504 0.160984384521747 6.57984706531696 6.35291465830023
0.025 0.170310236006596 0.167322884226616 6.56013710384569 6.32409915918563
0.026 0.176860542737616 0.173632611612428 6.54048618365263 6.29536997702819
0.027 0.183391227995368 0.179913652866795 6.52089412787937 6.26672685326509
0.028 0.189902350556066 0.186166093919152 6.50136076019728 6.23816953010802
0.029 0.196393969019854 0.192390020441533 6.48188590480591 6.20969775054088
0.03 0.202866141811344 0.19858551784934 6.46246938643144 6.18131125831745
0.031 0.209318927180134 0.204752671302114 6.44311103032507 6.15300979795913
0.032 0.215752383201336 0.2108915657043 6.42381066226147 6.12479311475257
0.033 0.222166567776098 0.217002285706011 6.40456810853718 6.09666095474744
0.034 0.228561538632123 0.223084915703791 6.38538319596911 6.0686130647541
0.035 0.234937353324194 0.229139539841371 6.36625575189289 6.04064919234136
0.036 0.241294069234685 0.235166242010434 6.34718560416142 6.01276908583417
0.037 0.247631743574082 0.24116510585136 6.32817258114323 5.98497249431139
0.038 0.253950433381498 0.247136214753986 6.30921651172098 5.95725916760352
0.039 0.260250195525182 0.253079651858357 6.29031722528993 5.9296288562904
0.04 0.266531086703038 0.258995500055466 6.27147455175636 5.90208131169908
0.041 0.272793163443127 0.264883841988011 6.25268832153609 5.87461628590144
0.042 0.279036482104183 0.27074476005113 6.23395836555293 5.84723353171208
0.043 0.285261098876117 0.276578336393148 6.21528451523713 5.81993280268603
0.044 0.291467069780519 0.282384652916313 6.19666660252392 5.79271385311653
0.045 0.297654450671173 0.288163791277535 6.17810445985196 5.76557643803287
0.046 0.303823297234545 0.29391583288912 6.15959792016184 5.73852031319811
0.047 0.309973664990298 0.299640858919504 6.14114681689458 5.71154523510696
0.048 0.316105609291783 0.305338950293982 6.12275098399013 5.68465096098353
0.049 0.32221918532654 0.311010187695436 6.10441025588586 5.65783724877917
0.05 0.328314448116794 0.316654651565064 6.08612446751509 5.63110385717028
0.051 0.334391452519952 0.3222724221031 6.06789345430562 5.60445054555617
0.052 0.340450253229094 0.32786357926954 6.04971705217819 5.57787707405685
0.053 0.346490904773467 0.333428202784857 6.03159509754507 5.5513832035109
0.054 0.352513461518977 0.338966372130724 6.01352742730854 5.5249686954733
0.055 0.358517977668675 0.344478166550722 5.99551387885945 5.49863331221331
0.056 0.364504507263246 0.349963665051062 5.97755429007574 5.47237681671229
0.057 0.370473104181497 0.355422946401289 5.95964849932098 5.44619897266161
0.058 0.376423822140841 0.360856089134994 5.94179634544295 5.42009954446049
0.059 0.38235671469778 0.36626317155052 5.92399766777213 5.39407829721391
0.06 0.388271835248387 0.371644271711668 5.90625230612032 5.36813499673047
0.061 0.394169237028786 0.376999467448398 5.88856010077912 5.34226940952028
0.062 0.400048973115633 0.382328836357529 5.87092089251858 5.31648130279289
0.063 0.405911096426593 0.387632455803439 5.85333452258569 5.29077044445516
0.064 0.411755659720816 0.392910402918762 5.83580083270303 5.26513660310919
0.065 0.41758271559941 0.398162754605079 5.81831966506725 5.23957954805024
0.066 0.423392316505917 0.403389587533612 5.80089086234772 5.21409904926464
0.067 0.429184514726786 0.408590978145916 5.78351426768512 5.18869487742772
0.068 0.434959362391838 0.413767002654564 5.76618972468996 5.16336680390178
0.069 0.440716911474743 0.418917737043832 5.74891707744125 5.13811460073398
0.07 0.44645721379348 0.424043257070387 5.73169617048504 5.11293804065431
0.071 0.452180321010809 0.429143638263966 5.71452684883305 5.08783689707358
0.0720000000000001 0.457886284634734 0.434218955928056 5.69740895796127 5.0628109440813
0.0730000000000001 0.463575156018966 0.439269285140573 5.68034234380858 5.03785995644376
0.0740000000000001 0.469246986363386 0.444294700754535 5.66332685277532 5.01298370960187
0.0750000000000001 0.474901826714505 0.449295277398739 5.64636233172196 4.98818197966926
0.0760000000000001 0.480539727965924 0.45427108947843 5.6294486279677 4.96345454343018
0.0770000000000001 0.486160740858794 0.459222211175974 5.61258558928909 4.93880117833755
0.0780000000000001 0.491764915982267 0.46414871645152 5.59577306391867 4.91422166251091
0.0790000000000001 0.497352303773958 0.469050679043672 5.5790109005436 4.88971577473446
0.0800000000000001 0.502922954520394 0.473928172470147 5.56229894830429 4.86528329445503
0.0810000000000001 0.508476918357471 0.478781270028442 5.54563705679306 4.84092400178015
0.0820000000000001 0.514014245270899 0.483610044796491 5.52902507605278 4.816637677476
0.0830000000000001 0.519534985096659 0.488414569633318 5.5124628565755 4.79242410296552
0.0840000000000001 0.525039187521446 0.493194917179705 5.49595024930114 4.76828306032636
0.0850000000000001 0.53052690208312 0.497951159858831 5.47948710561612 4.74421433228898
0.0860000000000001 0.535998178171147 0.502683369876936 5.46307327735203 4.72021770223466
0.0870000000000001 0.541453065027051 0.507391619223964 5.44670861678432 4.69629295419358
0.0880000000000001 0.546891611744849 0.512075979674213 5.43039297663093 4.67243987284283
0.0890000000000001 0.552313867271499 0.516736522786981 5.41412621005098 4.64865824350453
0.0900000000000001 0.557719880407337 0.521373319907208 5.39790817064346 4.62494785214385
0.0910000000000001 0.563109699806518 0.525986442166122 5.38173871244592 4.60130848536711
0.0920000000000001 0.568483373977452 0.530575960481878 5.36561768993312 4.57773993041984
0.0930000000000001 0.573840951283244 0.535141945560192 5.34954495801574 4.5542419751849
0.0940000000000001 0.579182479942126 0.539684467894984 5.3335203720391 4.53081440818052
0.0950000000000001 0.584508008027891 0.544203597769007 5.3175437877818 4.50745701855845
0.0960000000000001 0.589817583470328 0.548699405254483 5.30161506145449 4.48416959610202
0.0970000000000001 0.595111254055652 0.553171960213731 5.28573404969852 4.46095193122428
0.0980000000000001 0.600389067426934 0.557621332299798 5.26990060958467 4.43780381496608
0.0990000000000001 0.60565107108453 0.562047590957085 5.25411459861188 4.41472503899422
0.1 0.610897312386509 0.566450805421971 5.23837587470595 4.39171539559956
0.101 0.616127838549077 0.57083104472344 5.22268429621824 4.36877467769515
0.102 0.621342696647005 0.575188377683696 5.20703972192446 4.34590267881438
0.103 0.626541933614052 0.579522872918787 5.19144201102332 4.32309919310911
0.104 0.631725596243385 0.583834598839222 5.17589102313532 4.30036401534781
0.105 0.636893731188003 0.588123623650585 5.16038661830147 4.27769694091372
0.106 0.642046384961155 0.592390015354151 5.14492865698201 4.25509776580302
0.107 0.64718360393676 0.596633841747495 5.1295170000552 4.23256628662299
0.108 0.652305434349823 0.600855170425106 5.11415150881601 4.21010230059016
0.109 0.657411922296853 0.605054068778992 5.09883204497492 4.1877056055285
0.11 0.662503113736276 0.60923060399929 5.08355847065665 4.1653759998676
0.111 0.667579054488849 0.613384843074865 5.06833064839893 4.14311328264088
0.112 0.672639790238073 0.617516852793921 5.05314844115126 4.12091725348371
0.113 0.677685366530604 0.621626699744595 5.03801171227366 4.09878771263169
0.114 0.682715828776662 0.625714450315558 5.02292032553549 4.0767244609188
0.115 0.687731222250442 0.629780170696616 5.00787414511415 4.05472729977563
0.116 0.692731592090519 0.633823926879301 4.99287303559392 4.03279603122757
0.117 0.697716983300256 0.637845784657469 4.97791686196471 4.01093045789307
0.118 0.702687440748206 0.641845809627888 4.96300548962086 3.98913038298181
0.119 0.707643009168521 0.645824067190833 4.94813878435991 3.96739561029297
0.12 0.712583733161349 0.64978062255067 4.93331661238143 3.94572594421346
0.121 0.71750965719324 0.653715540716447 4.91853884028575 3.92412118971613
0.122 0.722420825597544 0.657628886502476 4.90380533507284 3.90258115235805
0.123 0.727317282574808 0.661520724528917 4.88911596414105 3.88110563827872
0.124 0.73219907219318 0.66539111922236 4.87447059528593 3.85969445419839
0.125 0.737066238388799 0.669240134816407 4.85986909669908 3.83834740741625
0.126 0.741918824966192 0.673067835352244 4.8453113369669 3.81706430580874
0.127 0.746756875598673 0.676874284679226 4.83079718506946 3.79584495782779
0.128 0.751580433828729 0.680659546455444 4.81632651037929 3.77468917249914
0.129 0.756389543068418 0.684423684148302 4.80189918266022 3.75359675942057
0.13 0.761184246599754 0.688166761035085 4.78751507206621 3.73256752876022
0.131 0.765964587575102 0.691888840203534 4.77317404914017 3.71160129125487
0.132 0.770730609017563 0.695589984552408 4.75887598481279 3.69069785820825
0.133 0.775482353821362 0.699270256792054 4.74462075040139 3.66985704148931
0.134 0.780219864752234 0.702929719444967 4.73040821760877 3.64907865353057
0.135 0.78494318444781 0.70656843484636 4.71623825852204 3.62836250732639
0.136 0.789652355417999 0.710186465144717 4.70211074561148 3.60770841643132
0.137 0.794347420045372 0.713783872302357 4.68802555172936 3.5871161949584
0.138 0.799028420585541 0.717360718095992 4.67398255010885 3.5665856575775
0.139 0.803695399167544 0.720917064117279 4.65998161436285 3.54611661951364
0.14 0.808348397794218 0.724452971773378 4.64602261848282 3.52570889654534
0.141 0.812987458342583 0.727968502287505 4.63210543683773 3.50536230500296
0.142 0.817612622564216 0.73146371669948 4.61822994417283 3.48507666176703
0.143 0.822223932085625 0.734938675866278 4.6043960156086 3.46485178426664
0.144 0.826821428408627 0.738393440462578 4.59060352663959 3.44468749047774
0.145 0.831405152910721 0.741828070981305 4.57685235313331 3.42458359892156
0.146 0.835975146845457 0.745242627734181 4.5631423713291 3.40453992866293
0.147 0.840531451342812 0.74863717085226 4.54947345783704 3.38455629930869
0.148 0.845074107409558 0.752011760286476 4.5358454896368 3.36463253100605
0.149 0.849603155929629 0.755366455808179 4.52225834407659 3.34476844444094
0.15 0.854118637664492 0.758701317009672 4.508711898872 3.32496386083646
0.151 0.858620593253514 0.762016403304752 4.49520603210493 3.30521860195122
0.152 0.863109063214326 0.765311773929239 4.4817406222225 3.28553249007776
0.153 0.867584087943188 0.768587487941514 4.46831554803591 3.26590534804093
0.154 0.872045707715351 0.771843604223046 4.45493068871942 3.24633699919634
0.155 0.876493962685424 0.775080181478926 4.4415859238092 3.22682726742869
0.156 0.880928892887733 0.778297278238394 4.42828113320228 3.20737597715029
0.157 0.885350538236678 0.781494952855363 4.41501619715544 3.18798295329938
0.158 0.889758938527098 0.78467326350895 4.40179099628418 3.16864802133862
0.159 0.894154133434626 0.787832268203994 4.3886054115616 3.14937100725349
0.16 0.898536162516044 0.790972024771579 4.37545932431734 3.13015173755074
0.161 0.902905065209644 0.794092590869559 4.36235261623654 3.1109900392568
0.162 0.907260880835581 0.797194023983071 4.34928516935873 3.09188573991626
0.163 0.911603648596223 0.800276381425057 4.33625686607681 3.0728386675903
0.164 0.915933407576511 0.803339720336776 4.32326758913594 3.05384865085514
0.165 0.920250196744303 0.806384097688322 4.31031722163257 3.03491551880051
0.166 0.924554054950733 0.809409570279133 4.29740564701328 3.01603910102807
0.167 0.928845020930553 0.812416194738504 4.28453274907382 2.99721922764996
0.168 0.933123133302485 0.815404027526099 4.27169841195802 2.97845572928718
0.169 0.93738843056957 0.818373124932454 4.25890252015677 2.95974843706811
0.17 0.941640951119512 0.821323543079488 4.24614495850694 2.94109718262701
0.171 0.945880733225024 0.824255337921008 4.2334256121904 2.92250179810245
0.172 0.950107815044175 0.827168565243207 4.22074436673295 2.90396211613585
0.173 0.954322234620729 0.830063280665174 4.20810110800329 2.88547796986995
0.174 0.958524029884491 0.832939539639389 4.195495722212 2.8670491929473
0.175 0.962713238651646 0.835797397452225 4.18292809591054 2.8486756195088
0.176 0.966889898625102 0.838636909224442 4.17039811599017 2.83035708419215
0.177 0.971054047394826 0.841458129911688 4.157905669681 2.81209342213041
0.178 0.975205722438186 0.844261114304991 4.14545064455092 2.7938844689505
0.179 0.979344961120286 0.847045917031251 4.13303292850462 2.77573006077172
0.18 0.9834718006943 0.849812592553733 4.12065240978258 2.75763003420427
0.181 0.987586278301814 0.852561195172558 4.10830897696003 2.7395842263478
0.182 0.991688430973153 0.85529177902519 4.09600251894602 2.7215924747899
0.183 0.995778295627719 0.858004398086923 4.08373292498232 2.7036546176047
0.184 0.999855909074321 0.860699106171371 4.07150008464251 2.68577049335136
0.185 1.00392130801151 0.863375956930945 4.05930388783095 2.66793994107264
0.186 1.0079745290279 0.866035003857344 4.04714422478177 2.65016280029344
0.187 1.01201560860251 0.868676300282029 4.03502098605794 2.63243891101939
0.188 1.01604458310508 0.871299899376707 4.02293406255022 2.61476811373535
0.189 1.02006148879642 0.873905854153812 4.01088334547622 2.59715024940404
0.19 1.02406636182869 0.876494217466974 3.9988687263794 2.57958515946455
0.191 1.02805923824579 0.879065042011504 3.98689009712811 2.56207268583096
0.192 1.03204015398362 0.881618380324862 3.9749473499146 2.54461267089089
0.193 1.03600914487047 0.884154284787132 3.96304037725408 2.52720495750408
0.194 1.03996624662726 0.886672807621493 3.9511690719837 2.50984938900099
0.195 1.04391149486795 0.88917400089469 3.93933332726164 2.4925458091814
0.196 1.04784492509979 0.891657916517501 3.92753303656611 2.47529406231297
0.197 1.05176657272368 0.894124606245206 3.91576809369443 2.45809399312986
0.198 1.05567647303449 0.89657412167805 3.90403839276202 2.44094544683132
0.199 1.05957466122133 0.899006514261712 3.89234382820149 2.42384826908034
0.2 1.06346117236793 0.901421835287764 3.8806842947617 2.40680230600218
0.201 1.06733604145291 0.903820135894131 3.86905968750675 2.38980740418308
0.202 1.07119930335012 0.906201467065559 3.8574699018151 2.37286341066879
0.203 1.07505099282895 0.908565879634067 3.84591483337861 2.35597017296327
0.204 1.07889114455463 0.910913424279404 3.83439437820158 2.33912753902726
0.205 1.08271979308855 0.913244151529511 3.82290843259984 2.32233535727694
0.206 1.08653697288856 0.915558111760972 3.81145689319979 2.30559347658256
0.207 1.09034271830932 0.917855355199464 3.80003965693751 2.28890174626708
0.208 1.09413706360256 0.920135931920218 3.7886566210578 2.27226001610482
0.209 1.09792004291741 0.922399891848461 3.77730768311324 2.25566813632009
0.21 1.10169169030071 0.924647284759871 3.76599274096333 2.23912595758586
0.211 1.10545203969732 0.926878160281019 3.75471169277351 2.22263333102242
0.212 1.1092011249504 0.929092567889823 3.74346443701427 2.206190108196
0.213 1.11293897980175 0.931290556915988 3.73225087246023 2.18979614111751
0.214 1.11666563789208 0.933472176541454 3.72107089818924 2.17345128224111
0.215 1.12038113276134 0.935637475800832 3.70992441358144 2.15715538446298
0.216 1.12408549784902 0.937786503581853 3.69881131831841 2.14090830111991
0.217 1.12777876649442 0.939919308625804 3.68773151238221 2.12470988598806
0.218 1.13146097193699 0.942035939527966 3.67668489605452 2.10855999328157
0.219 1.13513214731659 0.944136444738054 3.66567136991571 2.09245847765131
0.22 1.13879232567384 0.946220872560651 3.65469083484397 2.07640519418352
0.221 1.14244153995035 0.948289271155644 3.64374319201441 2.06039999839854
0.222 1.1460798229891 0.950341688538656 3.63282834289818 2.0444427462495
0.223 1.14970720753464 0.952378172581478 3.62194618926155 2.02853329412104
0.224 1.15332372623347 0.954398771012505 3.61109663316508 2.01267149882796
0.225 1.15692941163427 0.956403531417156 3.60027957696268 1.996857217614
0.226 1.16052429618823 0.958392501238311 3.58949492330077 1.98109030815054
0.227 1.16410841224936 0.960365727776735 3.57874257511741 1.96537062853527
0.228 1.1676817920747 0.962323258191501 3.56802243564137 1.94969803729097
0.229 1.17124446782471 0.964265139500418 3.55733440839134 1.93407239336422
0.23 1.17479647156349 0.966191418580454 3.546678397175 1.91849355612411
0.231 1.1783378352591 0.968102142168154 3.53605430608817 1.90296138536101
0.232 1.18186859078384 0.969997356860067 3.52546203951397 1.88747574128527
0.233 1.18538876991452 0.971877109113159 3.51490150212191 1.872036484526
0.234 1.18889840433279 0.973741445245235 3.50437259886711 1.85664347612977
0.235 1.19239752562538 0.975590411435356 3.49387523498934 1.84129657755941
0.236 1.1958861652844 0.977424053724251 3.48340931601228 1.82599565069272
0.237 1.19936435470763 0.979242418014735 3.47297474774257 1.81074055782127
0.238 1.20283212519881 0.981045550072121 3.46257143626904 1.79553116164911
0.239 1.20628950796789 0.982833495524634 3.4521992879618 1.78036732529157
0.24 1.20973653413134 0.984606299863814 3.44185820947146 1.76524891227403
0.241 1.21317323471241 0.986364008444935 3.43154810772823 1.75017578653067
0.242 1.21659964064144 0.988106666487409 3.42126888994114 1.73514781240324
0.243 1.22001578275611 0.989834319075191 3.41102046359715 1.7201648546399
0.244 1.2234216918017 0.99154701115719 3.40080273646036 1.7052267783939
0.245 1.22681739843144 0.993244787547667 3.39061561657115 1.69033344922247
0.246 1.2302029332067 0.994927692926642 3.38045901224538 1.67548473308555
0.247 1.23357832659731 0.996595771840298 3.37033283207354 1.66068049634458
0.248 1.23694360898185 0.998249068701379 3.36023698491993 1.64592060576133
0.249 1.24029881064787 0.99988762778959 3.35017137992187 1.6312049284967
0.25 1.24364396179221 1.00151149325199 3.34013592648884 1.61653333210949
0.251 1.24697909252126 1.00312070910342 3.3301305343017 1.60190568455523
0.252 1.25030423285121 1.00471531922683 3.32015511331184 1.58732185418499
0.253 1.25361941270835 1.00629536737376 3.31020957374042 1.5727817097442
0.254 1.25692466192932 1.00786089716467 3.3002938260775 1.55828512037147
0.255 1.26022001026139 1.00941195208936 3.2904077810813 1.54383195559739
0.256 1.26350548736271 1.01094857550737 3.28055134977733 1.52942208534338
0.257 1.26678112280261 1.01247081064832 3.27072444345766 1.51505537992051
0.258 1.27004694606181 1.01397870061238 3.26092697368005 1.50073171002833
0.259 1.27330298653275 1.01547228837058 3.25115885226722 1.48645094675373
0.26 1.27654927351982 1.01695161676525 3.24141999130601 1.47221296156974
0.261 1.27978583623963 1.01841672851036 3.23171030314659 1.45801762633438
0.262 1.28301270382125 1.01986766619197 3.22202970040172 1.44386481328955
0.263 1.28622990530652 1.02130447226854 3.2123780959459 1.42975439505984
0.264 1.28943746965028 1.02272718907136 3.20275540291463 1.41568624465138
0.265 1.29263542572062 1.02413585880491 3.1931615347036 1.40166023545073
0.266 1.29582380229918 1.02553052354725 3.18359640496794 1.38767624122372
0.267 1.29900262808135 1.02691122525039 3.17405992762141 1.37373413611429
0.268 1.3021719316766 1.02827800574069 3.16455201683566 1.35983379464341
0.269 1.30533174160869 1.02963090671919 3.15507258703942 1.3459750917079
0.27 1.30848208631591 1.03096996976204 3.14562155291776 1.33215790257936
0.271 1.31162299415139 1.03229523632083 3.13619882941131 1.31838210290299
0.272 1.31475449338333 1.03360674772299 3.12680433171549 1.30464756869649
0.273 1.31787661219524 1.03490454517217 3.11743797527976 1.29095417634896
0.274 1.32098937868621 1.03618866974856 3.10809967580685 1.27730180261979
0.275 1.32409282087116 1.03745916240932 3.09878934925201 1.26369032463751
0.276 1.32718696668108 1.03871606398891 3.08950691182223 1.25011961989873
0.277 1.33027184396332 1.03995941519948 3.0802522799755 1.23658956626702
0.278 1.3333474804818 1.04118925663122 3.07102537042009 1.22310004197181
0.279 1.33641390391725 1.04240562875273 3.06182610011374 1.20965092560727
0.28 1.33947114186751 1.0436085719114 3.05265438626296 1.19624209613129
0.281 1.34251922184774 1.04479812633373 3.04351014632226 1.18287343286429
0.282 1.34555817129068 1.04597433212575 3.03439329799342 1.16954481548822
0.283 1.34858801754691 1.04713722927334 3.02530375922475 1.15625612404544
0.284 1.35160878788505 1.04828685764262 3.01624144821033 1.14300723893762
0.285 1.35462050949206 1.04942325698025 3.0072062833893 1.12979804092473
0.286 1.35762320947345 1.05054646691386 2.99819818344512 1.11662841112388
0.287 1.36061691485355 1.05165652695239 2.98921706730483 1.10349823100831
0.288 1.36360165257572 1.05275347648638 2.98026285413833 1.09040738240632
0.289 1.36657744950262 1.05383735478843 2.97133546335763 1.07735574750019
0.29 1.36954433241644 1.05490820101346 2.96243481461615 1.0643432088251
0.291 1.37250232801916 1.05596605419911 2.953560827808 1.05136964926813
0.292 1.37545146293274 1.05701095326611 2.94471342306724 1.03843495206715
0.293 1.37839176369944 1.05804293701856 2.93589252076717 1.0255390008098
0.294 1.38132325678196 1.05906204414435 2.9270980415196 1.01268167943242
0.295 1.38424596856377 1.06006831321547 2.91832990617416 0.999862872219051
0.296 1.3871599253493 1.06106178268838 2.90958803581757 0.987082463800327
0.297 1.39006515336418 1.06204249090433 2.90087235177295 0.974340339152489
0.298 1.39296167875547 1.06301047608971 2.89218277559907 0.961636383596332
0.299 1.39584952759193 1.06396577635644 2.8835192290897 0.948970482796166
0.3 1.39872872586421 1.06490842970222 2.87488163427285 0.936342522758803
0.301 1.40159929948512 1.06583847401099 2.86626991341011 0.923752389832514
0.302 1.40446127428984 1.06675594705315 2.85768398899595 0.911199970706019
0.303 1.40731467603617 1.067660886486 2.84912378375697 0.898685152407461
0.304 1.41015953040473 1.06855332985403 2.84058922065128 0.886207822303391
0.305 1.41299586299924 1.06943331458924 2.83208022286775 0.873767868097753
0.306 1.41582369934671 1.07030087801153 2.82359671382534 0.861365177830878
0.307 1.41864306489769 1.071156057329 2.81513861717241 0.848999639878464
0.308 1.42145398502648 1.07199888963829 2.80670585678604 0.836671142950593
0.309 1.42425648503138 1.07282941192492 2.79829835677133 0.824379576090704
0.31 1.42705059013492 1.07364766106362 2.78991604146072 0.812124828674616
0.311 1.42983632548405 1.07445367381865 2.78155883541331 0.799906790409517
0.312 1.43261371615043 1.07524748684416 2.7732266634142 0.787725351332982
0.313 1.43538278713057 1.0760291366845 2.76491945047378 0.775580401811974
0.314 1.43814356334613 1.07679865977453 2.75663712182707 0.76347183254187
0.315 1.44089606964414 1.07755609244 2.74837960293307 0.75139953454546
0.316 1.44364033079714 1.07830147089783 2.74014681947404 0.739363399171984
0.317 1.44637637150353 1.07903483125644 2.73193869735489 0.727363318096141
0.318 1.44910421638767 1.07975620951612 2.72375516270246 0.715399183317122
0.319 1.4518238900002 1.08046564156928 2.71559614186487 0.70347088715763
0.32 1.45453541681819 1.08116316320085 2.70746156141089 0.691578322262922
0.321 1.45723882124541 1.08184881008855 2.69935134812924 0.679721381599832
0.322 1.45993412761251 1.08252261780322 2.69126542902794 0.667899958455814
0.323 1.46262136017727 1.08318462180916 2.68320373133367 0.656113946437981
0.324 1.46530054312479 1.08383485746444 2.6751661824911 0.644363239472145
0.325 1.46797170056775 1.0844733600212 2.66715271016222 0.632647731801863
0.326 1.47063485654658 1.08510016462599 2.65916324222574 0.620967317987489
0.327 1.4732900350297 1.08571530632009 2.65119770677638 0.609321892905216
0.328 1.47593725991373 1.08631882003978 2.64325603212429 0.597711351746145
0.329 1.47857655502372 1.08691074061672 2.63533814679432 0.586135590015322
0.33 1.48120794411334 1.08749110277822 2.62744397952547 0.574594503530816
0.331 1.4838314508651 1.08805994114757 2.61957345927016 0.563087988422771
0.332 1.4864470988906 1.08861729024433 2.61172651519368 0.551615941132473
0.333 1.48905491173067 1.08916318448468 2.60390307667345 0.540178258411417
0.334 1.49165491285566 1.0896976581817 2.5961030732985 0.528774837320384
0.335 1.49424712566558 1.09022074554566 2.58832643486872 0.517405575228506
0.336 1.49683157349038 1.09073248068437 2.58057309139434 0.506070369812348
0.337 1.4994082795901 1.0912328976035 2.57284297309519 0.494769119054983
0.338 1.5019772671551 1.0917220302068 2.56513601040017 0.483501721245081
0.339 1.50453855930631 1.0921999122965 2.55745213394655 0.472268074975982
0.34 1.50709217909536 1.09266657757356 2.54979127457941 0.461068079144797
0.341 1.50963814950484 1.093122059638 2.54215336335095 0.449901632951486
0.342 1.51217649344852 1.09356639198917 2.53453833151991 0.438768635897958
0.343 1.5147072337715 1.0939996080261 2.52694611055097 0.427668987787165
0.344 1.51723039325046 1.09442174104776 2.51937663211408 0.416602588722199
0.345 1.51974599459386 1.09483282425336 2.51182982808389 0.405569339105393
0.346 1.52225406044213 1.09523289074268 2.5043056305391 0.394569139637428
0.347 1.52475461336786 1.09562197351635 2.49680397176189 0.383601891316432
0.348 1.52724767587606 1.09600010547612 2.48932478423728 0.372667495437097
0.349 1.52973327040431 1.09636731942523 2.48186800065253 0.361765853589787
0.35 1.53221141932298 1.09672364806861 2.47443355389655 0.350896867659651
0.351 1.53468214493541 1.09706912401324 2.46702137705924 0.340060439825743
0.352 1.53714546947816 1.09740377976844 2.45963140343099 0.329256472560138
0.353 1.53960141512117 1.09772764774614 2.45226356650196 0.318484868627058
0.354 1.54205000396796 1.09804076026116 2.44491779996159 0.307745531081998
0.355 1.54449125805585 1.09834314953154 2.43759403769793 0.297038363270843
0.356 1.54692519935614 1.09863484767882 2.43029221379705 0.286363268829013
0.357 1.54935184977432 1.0989158867283 2.4230122625425 0.275720151680584
0.358 1.55177123115027 1.09918629860935 2.41575411841467 0.265108916037433
0.359 1.55418336525842 1.0994461151557 2.40851771609022 0.254529466398365
0.36 1.556588273808 1.09969536810574 2.40130299044146 0.243981707548264
0.361 1.55898597844321 1.09993408910275 2.39410987653583 0.233465544557226
0.362 1.56137650074341 1.10016230969525 2.38693830963525 0.222980882779717
0.363 1.5637598622233 1.10038006133726 2.37978822519557 0.212527627853706
0.364 1.56613608433317 1.10058737538855 2.37265955886597 0.202105685699832
0.365 1.56850518845902 1.10078428311498 2.36555224648843 0.191714962520542
0.366 1.5708671959228 1.10097081568874 2.35846622409706 0.18135536479926
0.367 1.57322212798261 1.10114700418865 2.35140142791764 0.171026799299534
0.368 1.57557000583285 1.10131287960042 2.34435779436693 0.160729173064207
0.369 1.57791085060442 1.10146847281697 2.33733526005221 0.150462393414572
0.37 1.58024468336496 1.10161381463864 2.3303337617706 0.140226367949544
0.371 1.58257152511897 1.10174893577355 2.32335323650857 0.130021004544824
0.372 1.58489139680804 1.1018738668378 2.31639362144135 0.119846211352073
0.373 1.58720431931104 1.1019886383558 2.30945485393237 0.109701896798082
0.374 1.58951031344427 1.10209328076051 2.30253687153266 0.0995879695839532
0.375 1.59180939996171 1.10218782439373 2.29563961198033 0.0895043386842729
0.376 1.59410159955516 1.10227229950639 2.28876301320001 0.0794509133462946
0.377 1.59638693285441 1.10234673625878 2.28190701330226 0.0694276030891228
0.378 1.59866542042748 1.10241116472086 2.27507155058302 0.0594343177028982
0.379 1.60093708278079 1.1024656148725 2.2682565635231 0.0494709672479829
0.38 1.6032019403593 1.10251011660377 2.26146199078757 0.0395374620541578
0.381 1.60546001354675 1.10254469971522 2.25468777122521 0.0296337127198081
0.382 1.60771132266582 1.10256939391812 2.24793384386802 0.0197596301111225
0.383 1.6099558879783 1.10258422883473 2.24120014793059 0.00991512536129102
0.384 1.61219372968528 1.10258923399859 2.23448662280962 0.000100109869705545
0.385 1.61442486792738 1.10258443885477 2.22779320808334 -0.00968550469884155
0.386 1.61664932278483 1.10256987276014 2.22111984351097 -0.0194418064149451
0.387 1.61886711427776 1.10254556498362 2.21446646903219 -0.0291688830853887
0.388 1.6210782623663 1.10251154470647 2.20783302476657 -0.0388668222539263
0.389 1.6232827869508 1.10246784102252 2.20121945101308 -0.048535711202077
0.39 1.62548070787199 1.10241448293846 2.19462568824951 -0.0581756369499051
0.391 1.62767204491118 1.10235149937409 2.18805167713195 -0.0677866862568099
0.392 1.62985681779041 1.10227891916259 2.18149735849425 -0.0773689456222972
0.393 1.63203504617266 1.10219677105075 2.1749626733475 -0.0869225012867685
0.394 1.634206749662 1.10210508369925 2.16844756287949 -0.0964474392322869
0.395 1.63637194780376 1.10200388568294 2.16195196845418 -0.105943845183361
0.396 1.63853066008476 1.10189320549106 2.15547583161119 -0.115411804607705
0.397 1.64068290593342 1.1017730715275 2.14901909406522 -0.124851402717021
0.398 1.64282870471995 1.10164351211107 2.14258169770561 -0.134262724467753
0.399 1.64496807575658 1.10150455547578 2.13616358459575 -0.143645854561862
0.4 1.64710103829764 1.10135622977102 2.12976469697256 -0.153000877447582
0.401 1.64922761153982 1.10119856306188 2.12338497724602 -0.162327877320182
0.402 1.65134781462229 1.1010315833294 2.11702436799861 -0.171626938122722
0.403 1.65346166662689 1.10085531847076 2.1106828119848 -0.180898143546816
0.404 1.65556918657831 1.10066979629961 2.10436025213055 -0.190141577033371
0.405 1.65767039344424 1.10047504454627 2.09805663153277 -0.199357321773354
0.406 1.65976530613555 1.100271090858 2.09177189345883 -0.208545460708527
0.407 1.66185394350647 1.10005796279923 2.08550598134606 -0.217706076532206
0.408 1.66393632435476 1.09983568785182 2.07925883880119 -0.226839251689992
0.409 1.66601246742185 1.09960429341533 2.07303040959991 -0.235945068380525
0.41 1.66808239139305 1.09936380680723 2.06682063768631 -0.245023608556215
0.411 1.67014611489769 1.09911425526315 2.0606294671724 -0.254074953923987
0.412 1.67220365650929 1.09885566593716 2.0544568423376 -0.263099185946009
0.413 1.67425503474574 1.09858806590197 2.04830270762826 -0.272096385840431
0.414 1.67630026806946 1.09831148214919 2.0421670076571 -0.281066634582111
0.415 1.67833937488756 1.09802594158961 2.0360496872028 -0.29001001290335
0.416 1.68037237355202 1.09773147105336 2.02995069120943 -0.298926601294613
0.417 1.68239928235983 1.09742809729024 2.02386996478598 -0.307816480005255
0.418 1.6844201195532 1.09711584696991 2.01780745320588 -0.316679729044245
0.419 1.68643490331967 1.09679474668212 2.01176310190647 -0.325516428180884
0.42 1.6884436517923 1.096464822937 2.00573685648856 -0.334326656945524
0.421 1.69044638304986 1.09612610216525 1.9997286627159 -0.343110494630283
0.422 1.69244311511693 1.09577861071841 1.9937384665147 -0.35186802028976
0.423 1.69443386596411 1.09542237486907 1.98776621397316 -0.360599312741744
0.424 1.69641865350817 1.09505742081113 1.98181185134096 -0.369304450567927
0.425 1.69839749561223 1.09468377466003 1.9758753250288 -0.377983512114608
0.426 1.70037041008586 1.09430146245296 1.9699565816079 -0.3866365754934
0.427 1.70233741468531 1.09391051014913 1.96405556780953 -0.395263718581931
0.428 1.70429852711365 1.09351094363001 1.95817223052453 -0.403865019024546
0.429 1.70625376502088 1.09310278869949 1.95230651680283 -0.412440554233009
0.43 1.70820314600418 1.09268607108422 1.94645837385295 -0.420990401387195
0.431 1.71014668760797 1.09226081643375 1.94062774904158 -0.429514637435784
0.432 1.71208440732414 1.09182705032081 1.93481458989304 -0.43801333909696
0.433 1.7140163225922 1.09138479824152 1.92901884408888 -0.446486582859094
0.434 1.71594245079938 1.09093408561564 1.92324045946733 -0.454934444981437
0.435 1.71786280928086 1.09047493778676 1.9174793840229 -0.463357001494807
0.436 1.71977741531987 1.09000738002258 1.91173556590587 -0.471754328202266
0.437 1.72168628614788 1.0895314375151 1.90600895342184 -0.480126500679815
0.438 1.72358943894474 1.08904713538084 1.90029949503125 -0.48847359427706
0.439 1.72548689083884 1.08855449866112 1.89460713934895 -0.496795684117902
0.44 1.72737865890726 1.08805355232222 1.88893183514369 -0.505092845101204
0.441 1.72926476017593 1.08754432125565 1.88327353133769 -0.513365151901471
0.442 1.73114521161976 1.08702683027833 1.87763217700619 -0.521612678969519
0.443 1.73302003016284 1.08650110413287 1.87200772137696 -0.529835500533151
0.444 1.73488923267854 1.08596716748776 1.86640011382985 -0.538033690597812
0.445 1.7367528359897 1.08542504493758 1.86080930389637 -0.546207322947271
0.446 1.73861085686876 1.08487476100325 1.85523524125918 -0.554356471144273
0.447 1.74046331203793 1.08431634013223 1.84967787575169 -0.562481208531209
0.448 1.7423102181693 1.08374980669875 1.84413715735756 -0.570581608230766
0.449 1.74415159188506 1.08317518500402 1.8386130362103 -0.5786577431466
0.45 1.74598744975757 1.08259249927648 1.83310546259278 -0.586709685963978
0.451 1.74781780830956 1.08200177367197 1.82761438693679 -0.59473750915044
0.452 1.74964268401428 1.08140303227397 1.82213975982262 -0.602741284956449
0.453 1.75146209329563 1.08079629909384 1.81668153197859 -0.610721085416041
0.454 1.75327605252829 1.08018159807098 1.81123965428061 -0.618676982347473
0.455 1.75508457803791 1.07955895307311 1.80581407775174 -0.626609047353874
0.456 1.75688768610124 1.07892838789645 1.80040475356176 -0.63451735182388
0.457 1.75868539294625 1.07828992626592 1.79501163302672 -0.642401966932285
0.458 1.76047771475233 1.07764359183538 1.78963466760849 -0.650262963640679
0.459 1.76226466765038 1.07698940818785 1.78427380891435 -0.658100412698085
0.46 1.76404626772298 1.07632739883569 1.77892900869653 -0.665914384641597
0.461 1.76582253100456 1.07565758722083 1.7736002188518 -0.673704949797016
0.462 1.76759347348149 1.07497999671498 1.76828739142101 -0.681472178279481
0.463 1.76935911109226 1.07429465061986 1.76299047858868 -0.6892161399941
0.464 1.77111945972764 1.07360157216735 1.75770943268256 -0.696936904636582
0.465 1.77287453523076 1.07290078451978 1.7524442061732 -0.704634541693859
0.466 1.77462435339732 1.07219231077006 1.74719475167352 -0.712309120444718
0.467 1.77636892997569 1.07147617394196 1.74196102193839 -0.719960709960419
0.468 1.77810828066708 1.07075239699026 1.73674296986423 -0.727589379105319
0.469 1.77984242112565 1.07002100280099 1.73154054848852 -0.735195196537493
0.47 1.78157136695868 1.06928201419161 1.72635371098943 -0.742778230709348
0.471 1.7832951337267 1.06853545391124 1.72118241068539 -0.750338549868243
0.472 1.7850137369436 1.06778134464086 1.71602660103466 -0.757876222057102
0.473 1.78672719207685 1.0670197089935 1.71088623563493 -0.765391315115025
0.474 1.78843551454753 1.06625056951446 1.70576126822287 -0.7728838966779
0.475 1.79013871973058 1.06547394868149 1.70065165267374 -0.780354034179013
0.476 1.79183682295484 1.06468986890504 1.69555734300096 -0.78780179484965
0.477 1.79352983950326 1.06389835252839 1.69047829335571 -0.795227245719709
0.478 1.79521778461299 1.06309942182792 1.68541445802651 -0.802630453618296
0.479 1.79690067347555 1.06229309901327 1.68036579143881 -0.810011485174335
0.48 1.79857852123697 1.06147940622754 1.67533224815458 -0.817370406817157
0.481 1.80025134299786 1.06065836554753 1.67031378287189 -0.824707284777108
0.482 1.80191915381365 1.05982999898387 1.66531035042452 -0.832022185086138
0.483 1.80358196869464 1.05899432848129 1.66032190578154 -0.839315173578401
0.484 1.80523980260618 1.05815137591877 1.65534840404693 -0.846586315890841
0.485 1.80689267046879 1.05730116310975 1.65038980045912 -0.853835677463789
0.486 1.80854058715827 1.05644371180234 1.64544605039066 -0.861063323541547
0.487 1.81018356750591 1.05557904367948 1.64051710934775 -0.86826931917298
0.488 1.81182162629852 1.05470718035919 1.63560293296991 -0.875453729212095
0.489 1.81345477827866 1.0538281433947 1.6307034770295 -0.882616618318634
0.49 1.81508303814469 1.0529419542747 1.62581869743139 -0.889758050958644
0.491 1.81670642055098 1.05204863442351 1.62094855021254 -0.896878091405068
0.492 1.81832494010797 1.05114820520126 1.61609299154157 -0.90397680373832
0.493 1.81993861138234 1.05024068790411 1.61125197771844 -0.911054251846857
0.494 1.82154744889716 1.04932610376441 1.60642546517399 -0.91811049942776
0.495 1.82315146713197 1.04840447395093 1.60161341046956 -0.925145609987306
0.496 1.82475068052294 1.047475819569 1.59681577029665 -0.932159646841535
0.497 1.82634510346301 1.04654016166077 1.59203250147644 -0.939152673116829
0.498 1.827934750302 1.04559752120531 1.58726356095949 -0.94612475175047
0.499 1.82951963534672 1.04464791911889 1.5825089058253 -0.953075945491213
0.5 1.83109977286118 1.04369137625511 1.57776849328195 -0.960006316899848
0.501 1.8326751770666 1.04272791340508 1.57304228066569 -0.966915928349766
0.502 1.83424586214164 1.04175755129766 1.56833022544057 -0.973804842027516
0.503 1.83581184222247 1.04078031059961 1.56363228519807 -0.980673119933366
0.504 1.83737313140293 1.03979621191578 1.55894841765668 -0.987520823881866
0.505 1.83892974373463 1.03880527578929 1.55427858066158 -0.994348015502397
0.506 1.84048169322709 1.03780752270173 1.5496227321842 -1.00115475623973
0.507 1.84202899384787 1.03680297307335 1.54498083032187 -1.00794110735458
0.508 1.84357165952268 1.0357916472632 1.54035283329743 -1.01470712992414
0.509 1.84510970413552 1.03477356556938 1.5357386994589 -1.02145288484268
0.51 1.84664314152882 1.03374874822916 1.53113838727903 -1.02817843282202
0.511 1.8481719855035 1.03271721541921 1.52655185535497 -1.03488383439215
0.512 1.84969624981918 1.03167898725573 1.52197906240792 -1.04156914990172
0.513 1.85121594819426 1.0306340837947 1.51741996728271 -1.04823443951862
0.514 1.85273109430601 1.02958252503199 1.51287452894744 -1.05487976323051
0.515 1.85424170179078 1.0285243309036 1.50834270649315 -1.06150518084533
0.516 1.85574778424403 1.02745952128579 1.50382445913339 -1.0681107519919
0.517 1.85724935522052 1.02638811599529 1.49931974620392 -1.07469653612039
0.518 1.8587464282344 1.02531013478946 1.49482852716229 -1.08126259250292
0.519 1.86023901675933 1.0242255973665 1.49035076158748 -1.08780898023402
0.52 1.86172713422863 1.02313452336557 1.4858864091796 -1.09433575823124
0.521 1.86321079403535 1.02203693236703 1.48143542975942 -1.10084298523562
0.522 1.86469000953245 1.02093284389257 1.47699778326812 -1.10733071981225
0.523 1.86616479403288 1.01982227740542 1.47257342976683 -1.11379902035078
0.524 1.86763516080971 1.01870525231048 1.46816232943635 -1.12024794506596
0.525 1.86910112309624 1.01758178795454 1.46376444257674 -1.12667755199816
0.526 1.87056269408616 1.01645190362645 1.459379729607 -1.13308789901388
0.527 1.8720198869336 1.01531561855725 1.45500815106468 -1.13947904380629
0.528 1.87347271475331 1.0141729519204 1.45064966760553 -1.14585104389574
0.529 1.87492119062076 1.01302392283191 1.44630424000319 -1.15220395663027
0.53 1.87636532757223 1.01186855035053 1.44197182914877 -1.15853783918613
0.531 1.87780513860498 1.01070685347793 1.43765239605055 -1.16485274856832
0.532 1.87924063667729 1.00953885115884 1.43334590183359 -1.17114874161106
0.533 1.88067183470868 1.00836456228126 1.42905230773943 -1.17742587497832
0.534 1.88209874557993 1.00718400567661 1.42477157512568 -1.18368420516436
0.535 1.88352138213325 1.00599720011989 1.42050366546572 -1.18992378849419
0.536 1.88493975717238 1.00480416432985 1.41624854034834 -1.19614468112409
0.537 1.8863538834627 1.00360491696921 1.41200616147739 -1.20234693904215
0.538 1.88776377373135 1.00239947664473 1.40777649067142 -1.20853061806872
0.539 1.88916944066737 1.00118786190748 1.40355948986337 -1.21469577385697
0.54 1.89057089692176 0.999970091252933 1.3993551211002 -1.22084246189333
0.541 1.89196815510764 0.998746183121169 1.39516334654256 -1.22697073749804
0.542 1.89336122780034 0.997516155897027 1.39098412846447 -1.23308065582561
0.543 1.89475012753752 0.996280027910278 1.38681742925291 -1.23917227186536
0.544 1.8961348668193 0.995037817435782 1.38266321140759 -1.24524564044188
0.545 1.89751545810833 0.99378954269366 1.37852143754049 -1.25130081621551
0.546 1.89889191382994 0.992535221849452 1.37439207037565 -1.25733785368289
0.547 1.90026424637226 0.991274873014284 1.37027507274871 -1.26335680717738
0.548 1.90163246808627 0.990008514245029 1.36617040760667 -1.26935773086962
0.549 1.90299659128598 0.988736163544474 1.36207803800753 -1.27534067876795
0.55 1.90435662824852 0.987457838861474 1.35799792711992 -1.28130570471895
0.551 1.90571259121422 0.986173558091122 1.35393003822282 -1.28725286240789
0.552 1.90706449238676 0.984883339074902 1.34987433470521 -1.29318220535924
0.553 1.90841234393325 0.983587199600859 1.34583078006571 -1.29909378693711
0.554 1.90975615798438 0.98228515740375 1.34179933791233 -1.30498766034578
0.555 1.91109594663448 0.980977230165207 1.33777997196204 -1.31086387863015
0.556 1.91243172194165 0.9796634355139 1.33377264604053 -1.31672249467623
0.557 1.91376349592788 0.97834379102569 1.32977732408184 -1.3225635612116
0.558 1.91509128057915 0.977018314223789 1.32579397012804 -1.3283871308059
0.559 1.91641508784552 0.975687022578919 1.32182254832892 -1.33419325587129
0.56 1.91773492964127 0.974349933509469 1.31786302294166 -1.33998198866294
0.561 1.91905081784499 0.97300706438165 1.3139153583305 -1.34575338127948
0.562 1.92036276429968 0.971658432509653 1.30997951896643 -1.35150748566349
0.563 1.92167078081287 0.970304055155803 1.30605546942688 -1.35724435360194
0.564 1.9229748791567 0.968943949530718 1.30214317439537 -1.36296403672668
0.565 1.92427507106809 0.96757813279346 1.29824259866121 -1.36866658651491
0.566 1.92557136824876 0.966206622051691 1.29435370711921 -1.3743520542896
0.567 1.92686378236539 0.964829434361828 1.29047646476931 -1.38002049122001
0.568 1.92815232504973 0.963446586729192 1.2866108367163 -1.38567194832211
0.569 1.92943700789866 0.96205809610817 1.28275678816951 -1.39130647645904
0.57 1.93071784247434 0.960663979402357 1.27891428444247 -1.3969241263416
0.571 1.93199484030429 0.959264253464717 1.27508329095262 -1.40252494852868
0.572 1.93326801288149 0.957858935097728 1.271263773221 -1.40810899342771
0.573 1.93453737166452 0.956448041053537 1.26745569687191 -1.41367631129514
0.574 1.93580292807761 0.955031588034111 1.26365902763266 -1.41922695223686
0.575 1.93706469351076 0.953609592691385 1.25987373133318 -1.42476096620868
0.576 1.93832267931989 0.952182071627413 1.25609977390579 -1.43027840301677
0.577 1.93957689682688 0.950749041394519 1.25233712138484 -1.43577931231809
0.578 1.94082735731968 0.949310518495442 1.24858573990644 -1.44126374362086
0.579 1.94207407205245 0.947866519383488 1.24484559570813 -1.44673174628499
0.58 1.94331705224563 0.946417060462678 1.24111665512858 -1.45218336952257
0.581 1.94455630908606 0.944962158087896 1.2373988846073 -1.45761866239822
0.582 1.94579185372705 0.943501828565029 1.23369225068434 -1.46303767382962
0.583 1.94702369728851 0.942036088151126 1.22999671999996 -1.46844045258791
0.584 1.94825185085704 0.940564953054534 1.22631225929436 -1.47382704729813
0.585 1.94947632548603 0.93908843943505 1.22263883540738 -1.47919750643968
0.586 1.95069713219577 0.937606563404064 1.21897641527817 -1.48455187834672
0.587 1.95191428197352 0.936119341024704 1.21532496594492 -1.48989021120864
0.588 1.95312778577364 0.934626788311979 1.21168445454457 -1.49521255307047
0.589 1.95433765451766 0.933128921232928 1.20805484831249 -1.50051895183331
0.59 1.95554389909443 0.931625755706758 1.20443611458219 -1.5058094552548
0.591 1.95674653036014 0.930117307604992 1.20082822078506 -1.51108411094951
0.592 1.95794555913848 0.928603592751609 1.19723113445002 -1.51634296638936
0.593 1.95914099622073 0.927084626923186 1.19364482320328 -1.52158606890409
0.594 1.96033285236583 0.925560425849045 1.190069254768 -1.52681346568167
0.595 1.96152113830048 0.924031005211386 1.18650439696404 -1.53202520376869
0.596 1.96270586471927 0.922496380645434 1.18295021770767 -1.53722133007083
0.597 1.96388704228475 0.920956567739582 1.17940668501124 -1.54240189135328
0.598 1.96506468162751 0.919411582035524 1.17587376698293 -1.5475669342411
0.599 1.96623879334633 0.917861439028401 1.17235143182647 -1.55271650521973
0.6 1.96740938800822 0.916306154166938 1.16883964784081 -1.55785065063534
0.601 1.96857647614854 0.914745742853581 1.16533838341987 -1.56296941669527
0.602 1.96974006827108 0.913180220444641 1.16184760705224 -1.56807284946845
0.603 1.97090017484819 0.911609602250428 1.15836728732092 -1.57316099488581
0.604 1.97205680632082 0.910033903535389 1.154897392903 -1.5782338987407
0.605 1.97320997309869 0.908453139518247 1.15143789256942 -1.58329160668927
0.606 1.97435968556028 0.906867325372138 1.14798875518464 -1.58833416425094
0.607 1.97550595405302 0.905276476224745 1.14454994970641 -1.59336161680877
0.608 1.97664878889334 0.903680607158438 1.14112144518545 -1.59837400960984
0.609 1.97778820036676 0.902079733210405 1.1377032107652 -1.60337138776575
0.61 1.97892419872798 0.900473869372794 1.13429521568152 -1.60835379625291
0.611 1.98005679420101 0.89886303059284 1.13089742926245 -1.61332127991305
0.612 1.9811859969792 0.897247231773006 1.12750982092787 -1.61827388345355
0.613 1.9823118172254 0.895626487771114 1.12413236018929 -1.62321165144787
0.614 1.98343426507198 0.894000813400478 1.12076501664954 -1.62813462833596
0.615 1.98455335062099 0.89237022343004 1.1174077600025 -1.63304285842465
0.616 1.98566908394421 0.890734732584502 1.11406056003285 -1.63793638588804
0.617 1.98678147508324 0.889094355544457 1.11072338661575 -1.6428152547679
0.618 1.98789053404961 0.887449106946523 1.10739620971664 -1.6476795089741
0.619 1.98899627082486 0.885799001383473 1.10407899939088 -1.65252919228495
0.62 1.99009869536063 0.884144053404368 1.10077172578358 -1.65736434834763
0.621 1.99119781757875 0.882484277514687 1.09747435912923 -1.66218502067859
0.622 1.99229364737132 0.880819688176458 1.09418686975153 -1.6669912526639
0.623 1.99338619460081 0.879150299808387 1.09090922806304 -1.67178308755969
0.624 1.99447546910017 0.877476126785991 1.08764140456496 -1.6765605684925
0.625 1.99556148067287 0.875797183441723 1.08438336984687 -1.6813237384597
0.626 1.99664423909302 0.874113484065103 1.08113509458643 -1.68607264032984
0.627 1.99772375410545 0.872425042902847 1.07789654954913 -1.69080731684307
0.628 1.99880003542581 0.870731874158996 1.07466770558806 -1.69552781061152
0.629 1.99987309274063 0.869033991995043 1.07144853364359 -1.70023416411966
0.63 2.00094293570744 0.867331410530057 1.06823900474315 -1.7049264197247
0.631 2.00200957395483 0.865624143840817 1.06503909000097 -1.70960461965698
0.632 2.00307301708256 0.863912205961931 1.06184876061779 -1.71426880602032
0.633 2.00413327466162 0.862195610885971 1.05866798788062 -1.71891902079244
0.634 2.00519035623433 0.860474372563591 1.05549674316249 -1.72355530582531
0.635 2.00624427131443 0.858748504903657 1.05233499792217 -1.7281777028455
0.636 2.00729502938718 0.857018021773369 1.04918272370394 -1.73278625345464
0.637 2.00834263990939 0.855282936998391 1.0460398921373 -1.7373809991297
0.638 2.00938711230957 0.853543264362969 1.04290647493675 -1.74196198122344
0.639 2.01042845598799 0.85179901761006 1.03978244390152 -1.74652924096471
0.64 2.01146668031673 0.850050210441454 1.0366677709153 -1.75108281945889
0.641 2.01250179463982 0.848296856517896 1.03356242794601 -1.75562275768822
0.642 2.01353380827331 0.846538969459211 1.03046638704556 -1.76014909651216
0.643 2.01456273050531 0.844776562844426 1.02737962034954 -1.76466187666781
0.644 2.01558857059615 0.843009650211892 1.02430210007704 -1.76916113877021
0.645 2.01661133777837 0.841238245059405 1.02123379853035 -1.77364692331274
0.646 2.01763104125691 0.839462360844328 1.01817468809475 -1.77811927066751
0.647 2.01864769020909 0.837682010983714 1.01512474123821 -1.78257822108567
0.648 2.01966129378476 0.835897208854424 1.01208393051119 -1.7870238146978
0.649 2.02067186110636 0.834107967793248 1.00905222854638 -1.79145609151428
0.65 2.02167940126901 0.832314301097028 1.00602960805844 -1.79587509142562
0.651 2.02268392334057 0.830516222022774 1.00301604184376 -1.80028085420285
0.652 2.02368543636175 0.828713743787783 1.00001150278023 -1.80467341949788
0.653 2.02468394934617 0.82690687956976 0.997015963826971 -1.80905282684381
0.654 2.02567947128045 0.825095642506938 0.994029398024118 -1.81341911565535
0.655 2.02667201112431 0.823280045698194 0.991051778492558 -1.81777232522911
0.656 2.02766157781059 0.821460102203165 0.988083078433693 -1.82211249474403
0.657 2.02864818024542 0.819635825042371 0.985123271129204 -1.82643966326164
0.658 2.02963182730822 0.817807227197325 0.982172329940804 -1.83075386972651
0.659 2.03061252785182 0.815974321610658 0.979230228310004 -1.8350551529665
0.66 2.03159029070254 0.814137121186228 0.976296939757869 -1.83934355169322
0.661 2.03256512466023 0.812295638789242 0.973372437884781 -1.84361910450226
0.662 2.03353703849842 0.810449887246369 0.970456696370204 -1.84788184987364
0.663 2.03450604096434 0.808599879345852 0.967549688972445 -1.85213182617209
0.664 2.03547214077902 0.806745627837631 0.964651389528418 -1.85636907164742
0.665 2.03643534663736 0.804887145433451 0.961761771953408 -1.86059362443489
0.666 2.03739566720821 0.803024444806982 0.958880810240838 -1.86480552255548
0.667 2.03835311113448 0.801157538593926 0.956008478462032 -1.86900480391631
0.668 2.03930768703316 0.799286439392137 0.953144750765986 -1.87319150631094
0.669 2.04025940349545 0.797411159761731 0.950289601379129 -1.87736566741973
0.67 2.04120826908679 0.795531712225202 0.9474430046051 -1.88152732481014
0.671 2.04215429234699 0.793648109267531 0.944604934824508 -1.88567651593712
0.672 2.04309748179026 0.7917603633363 0.941775366494705 -1.88981327814343
0.673 2.04403784590531 0.789868486841807 0.938954274149558 -1.89393764865995
0.674 2.04497539315542 0.787972492157169 0.936141632399215 -1.89804966460604
0.675 2.04591013197853 0.786072391618447 0.933337415929884 -1.90214936298987
0.676 2.04684207078729 0.784168197524743 0.930541599503596 -1.90623678070876
0.677 2.04777121796916 0.782259922138321 0.927754157957984 -1.91031195454949
0.678 2.04869758188647 0.780347577684711 0.924975066206057 -1.91437492118866
0.679 2.0496211708765 0.778431176352821 0.922204299235968 -1.91842571719299
0.68 2.05054199325156 0.776510730295049 0.919441832110798 -1.92246437901968
0.681 2.05146005729905 0.77458625162739 0.916687639968323 -1.9264909430167
0.682 2.05237537128156 0.772657752429544 0.913941698020796 -1.93050544542317
0.683 2.05328794343692 0.770725244745029 0.91120398155472 -1.93450792236962
0.684 2.05419778197828 0.768788740581283 0.908474465930628 -1.93849840987838
0.685 2.0551048950942 0.766848251909779 0.905753126582862 -1.94247694386387
0.686 2.05600929094871 0.764903790666127 0.903039939019349 -1.94644356013291
0.687 2.05691097768136 0.762955368750184 0.900334878821383 -1.95039829438508
0.688000000000001 2.05780996340736 0.761002998026163 0.897637921643403 -1.95434118221302
0.689000000000001 2.05870625621757 0.759046690322736 0.894949043212777 -1.95827225910274
0.690000000000001 2.05959986417863 0.757086457433143 0.892268219329582 -1.96219156043396
0.691000000000001 2.06049079533303 0.755122311115295 0.889595425866383 -1.96609912148042
0.692000000000001 2.06137905769915 0.753154263091886 0.886930638768021 -1.96999497741019
0.693000000000001 2.06226465927136 0.751182325050491 0.884273834051395 -1.97387916328601
0.694000000000001 2.06314760802008 0.749206508643678 0.881624987805244 -1.97775171406557
0.695000000000001 2.06402791189185 0.747226825489108 0.878984076189935 -1.98161266460185
0.696000000000001 2.06490557880941 0.745243287169639 0.876351075437245 -1.98546204964345
0.697000000000001 2.06578061667178 0.743255905233436 0.873725961850148 -1.98929990383484
0.698000000000001 2.06665303335429 0.741264691194071 0.871108711802606 -1.99312626171674
0.699000000000001 2.06752283670871 0.739269656530625 0.868499301739351 -1.99694115772641
0.700000000000001 2.06839003456327 0.737270812687796 0.865897708175673 -2.00074462619792
0.701000000000001 2.06925463472275 0.735268171075997 0.863303907697214 -2.00453670136252
0.702000000000001 2.07011664496857 0.733261743071463 0.860717876959751 -2.00831741734892
0.703000000000001 2.07097607305883 0.731251540016349 0.858139592688991 -2.01208680818358
0.704000000000001 2.07183292672837 0.729237573218837 0.855569031680357 -2.01584490779104
0.705000000000001 2.0726872136889 0.727219853953234 0.853006170798784 -2.01959174999423
0.706000000000001 2.07353894162899 0.725198393460075 0.850450986978506 -2.02332736851476
0.707000000000001 2.07438811821421 0.723173202946224 0.847903457222851 -2.0270517969732
0.708000000000001 2.07523475108715 0.721144293584975 0.845363558604034 -2.03076506888946
0.709000000000001 2.07607884786751 0.719111676516151 0.842831268262951 -2.03446721768299
0.710000000000001 2.07692041615217 0.717075362846209 0.840306563408971 -2.03815827667316
0.711000000000001 2.07775946351525 0.715035363648332 0.837789421319734 -2.04183827907953
0.712000000000001 2.07859599750818 0.712991689962537 0.835279819340945 -2.04550725802214
0.713000000000001 2.07943002565977 0.710944352795767 0.832777734886167 -2.04916524652183
0.714000000000001 2.08026155547628 0.708893363121999 0.830283145436625 -2.05281227750053
0.715000000000001 2.08109059444149 0.706838731882331 0.827796028540996 -2.05644838378153
0.716000000000001 2.08191715001675 0.704780469985092 0.825316361815211 -2.06007359808981
0.717000000000001 2.08274122964107 0.702718588305933 0.822844122942254 -2.06368795305233
0.718000000000001 2.08356284073117 0.700653097687925 0.820379289671957 -2.06729148119831
0.719000000000001 2.08438199068156 0.698584008941663 0.817921839820805 -2.07088421495952
0.720000000000001 2.08519868686458 0.696511332845355 0.815471751271733 -2.0744661866706
0.721000000000001 2.08601293663052 0.694435080144925 0.813029001973926 -2.07803742856931
0.722000000000001 2.08682474730762 0.692355261554106 0.810593569942625 -2.08159797279685
0.723000000000001 2.08763412620218 0.690271887754539 0.808165433258925 -2.08514785139815
0.724000000000001 2.08844108059863 0.688184969395868 0.805744570069579 -2.08868709632213
0.725000000000001 2.08924561775956 0.686094517095835 0.803330958586803 -2.09221573942204
0.726000000000001 2.0900477449258 0.684000541440378 0.800924577088076 -2.09573381245567
0.727000000000001 2.09084746931651 0.681903052983723 0.79852540391595 -2.0992413470857
0.728000000000001 2.09164479812921 0.679802062248484 0.796133417477849 -2.10273837487998
0.729000000000001 2.09243973853987 0.67769757972575 0.793748596245879 -2.10622492731178
0.730000000000001 2.09323229770295 0.675589615875187 0.791370918756633 -2.10970103576009
0.731000000000001 2.09402248275149 0.673478181125128 0.789000363610998 -2.11316673150992
0.732000000000001 2.09481030079717 0.671363285872669 0.78663690947396 -2.11662204575254
0.733000000000001 2.09559575893035 0.669244940483759 0.784280535074418 -2.12006700958581
0.734000000000001 2.09637886422016 0.667123155293298 0.781931219204986 -2.12350165401443
0.735000000000001 2.09715962371456 0.664997940605227 0.779588940721804 -2.12692600995021
0.736000000000001 2.09793804444037 0.662869306692621 0.777253678544352 -2.13034010821239
0.737000000000001 2.09871413340341 0.660737263797783 0.774925411655252 -2.13374397952788
0.738000000000001 2.09948789758846 0.658601822132335 0.772604119100088 -2.13713765453154
0.739000000000001 2.10025934395942 0.656462991877308 0.770289779987211 -2.14052116376646
0.740000000000001 2.10102847945931 0.65432078318324 0.767982373487554 -2.14389453768425
0.741000000000001 2.10179531101034 0.652175206170258 0.765681878834441 -2.14725780664531
0.742000000000001 2.10255984551402 0.650026270928177 0.763388275323407 -2.15061100091906
0.743000000000001 2.10332208985116 0.647873987516588 0.761101542312003 -2.1539541506843
0.744000000000001 2.10408205088195 0.645718365964948 0.758821659219618 -2.15728728602938
0.745000000000001 2.10483973544606 0.643559416272669 0.756548605527288 -2.16061043695254
0.746000000000001 2.10559515036265 0.641397148409213 0.754282360777514 -2.16392363336217
0.747000000000001 2.10634830243047 0.639231572314175 0.752022904574078 -2.16722690507706
0.748000000000001 2.10709919842787 0.637062697897379 0.74977021658186 -2.17052028182667
0.749000000000001 2.10784784511294 0.634890535038962 0.747524276526652 -2.17380379325142
0.750000000000001 2.1085942492235 0.632715093589467 0.745285064194979 -2.17707746890293
0.751000000000001 2.10933841747719 0.630536383369926 0.743052559433913 -2.18034133824431
0.752000000000001 2.11008035657153 0.628354414171955 0.740826742150899 -2.1835954306504
0.753000000000001 2.11082007318397 0.62616919575784 0.738607592313565 -2.18683977540805
0.754000000000001 2.11155757397198 0.623980737860621 0.736395089949546 -2.1900744017164
0.755000000000001 2.11229286557306 0.621789050184186 0.734189215146309 -2.19329933868709
0.756000000000001 2.11302595460484 0.619594142403351 0.731989948050963 -2.19651461534458
0.757000000000001 2.11375684766513 0.617396024163954 0.72979726887009 -2.19972026062639
0.758000000000001 2.11448555133197 0.615194705082938 0.727611157869564 -2.20291630338335
0.759000000000001 2.1152120721637 0.61299019474844 0.725431595374369 -2.20610277237985
0.760000000000001 2.11593641669901 0.610782502719872 0.72325856176843 -2.20927969629415
0.761000000000001 2.11665859145702 0.608571638528014 0.721092037494429 -2.21244710371857
0.762000000000001 2.11737860293728 0.606357611675095 0.718932003053632 -2.21560502315982
0.763000000000001 2.11809645761992 0.60414043163488 0.716778439005716 -2.21875348303917
0.764000000000001 2.11881216196563 0.601920107852758 0.714631325968589 -2.2218925116928
0.765000000000001 2.11952572241575 0.599696649745819 0.71249064461822 -2.22502213737199
0.766000000000001 2.12023714539234 0.597470066702949 0.710356375688461 -2.22814238824338
0.767000000000001 2.1209464372982 0.595240368084907 0.708228499970879 -2.23125329238925
0.768000000000001 2.12165360451697 0.593007563224412 0.706106998314577 -2.23435487780777
0.769000000000001 2.12235865341315 0.590771661426227 0.703991851626026 -2.23744717241322
0.770000000000001 2.12306159033219 0.588532671967245 0.701883040868891 -2.24053020403627
0.771000000000001 2.12376242160054 0.586290604096566 0.699780547063862 -2.24360400042423
0.772000000000001 2.12446115352567 0.584045467035586 0.69768435128848 -2.24666858924129
0.773000000000001 2.12515779239617 0.581797269978079 0.695594434676969 -2.24972399806877
0.774000000000001 2.1258523444818 0.579546022090278 0.693510778420065 -2.25277025440537
0.775000000000001 2.12654481603354 0.577291732510959 0.691433363764849 -2.25580738566741
0.776000000000001 2.12723521328363 0.575034410351522 0.689362172014573 -2.2588354191891
0.777000000000001 2.12792354244566 0.572774064696076 0.687297184528499 -2.26185438222276
0.778000000000001 2.12860980971458 0.570510704601515 0.685238382721725 -2.26486430193908
0.779000000000001 2.12929402126682 0.568244339097606 0.683185748065021 -2.26786520542735
0.780000000000001 2.12997618326027 0.565974977187066 0.68113926208466 -2.27085711969573
0.781000000000001 2.13065630183441 0.563702627845645 0.679098906362256 -2.27384007167147
0.782000000000001 2.13133438311029 0.561427300022205 0.677064662534594 -2.27681408820114
0.783000000000001 2.13201043319067 0.559149002638802 0.675036512293464 -2.27977919605094
0.784000000000001 2.13268445815999 0.556867744590766 0.673014437385502 -2.28273542190683
0.785000000000001 2.13335646408449 0.554583534746783 0.670998419612018 -2.28568279237488
0.786000000000001 2.13402645701221 0.552296381948969 0.668988440828841 -2.28862133398144
0.787000000000001 2.13469444297311 0.550006295012957 0.666984482946147 -2.2915510731734
0.788000000000001 2.13536042797906 0.547713282727971 0.664986527928301 -2.29447203631844
0.789000000000001 2.13602441802393 0.545417353856906 0.662994557793696 -2.29738424970525
0.790000000000001 2.13668641908363 0.543118517136409 0.661008554614585 -2.30028773954376
0.791000000000001 2.13734643711618 0.540816781276956 0.659028500516928 -2.3031825319654
0.792000000000001 2.13800447806175 0.538512154962931 0.657054377680224 -2.30606865302333
0.793000000000001 2.13866054784271 0.536204646852705 0.655086168337355 -2.30894612869265
0.794000000000001 2.13931465236368 0.533894265578709 0.653123854774422 -2.31181498487066
0.795000000000001 2.13996679751163 0.53158101974752 0.651167419330591 -2.31467524737709
0.796000000000001 2.14061698915585 0.52926491793993 0.649216844397929 -2.31752694195432
0.797000000000001 2.14126523314808 0.526945968711031 0.647272112421249 -2.32037009426763
0.798000000000001 2.14191153532251 0.524624180590286 0.64533320589795 -2.32320472990539
0.799000000000001 2.14255590149587 0.522299562081608 0.64340010737786 -2.32603087437936
0.800000000000001 2.14319833746747 0.519972121663436 0.641472799463079 -2.32884855312484
0.801000000000001 2.14383884901922 0.517641867788813 0.639551264807824 -2.33165779150097
0.802000000000001 2.14447744191574 0.515308808885462 0.637635486118268 -2.33445861479092
0.803000000000001 2.14511412190436 0.512972953355857 0.635725446152392 -2.3372510482021
0.804000000000001 2.14574889471522 0.510634309577306 0.633821127719823 -2.34003511686645
0.805000000000001 2.14638176606126 0.50829288590202 0.631922513681681 -2.34281084584059
0.806000000000001 2.14701274163835 0.505948690657193 0.630029586950427 -2.34557826010611
0.807000000000001 2.14764182712526 0.503601732145075 0.628142330489709 -2.34833738456976
0.808000000000001 2.14826902818376 0.501252018643043 0.626260727314205 -2.35108824406366
0.809000000000001 2.14889435045867 0.498899558403683 0.624384760489475 -2.35383086334558
0.810000000000001 2.14951779957789 0.496544359654861 0.622514413131803 -2.35656526709911
0.811000000000001 2.15013938115247 0.494186430599791 0.620649668408052 -2.3592914799339
0.812000000000001 2.15075910077666 0.491825779417119 0.618790509535505 -2.36200952638589
0.813000000000001 2.15137696402792 0.489462414260992 0.616936919781722 -2.36471943091751
0.814000000000001 2.15199297646703 0.487096343261127 0.61508888246438 -2.36742121791792
0.815000000000001 2.15260714363811 0.484727574522894 0.613246380951133 -2.37011491170321
0.816000000000001 2.15321947106867 0.482356116127377 0.611409398659454 -2.37280053651666
0.817000000000001 2.15382996426966 0.47998197613146 0.609577919056489 -2.37547811652891
0.818000000000001 2.15443862873552 0.477605162567886 0.607751925658911 -2.37814767583819
0.819000000000001 2.15504546994424 0.475225683445341 0.605931402032766 -2.38080923847056
0.820000000000001 2.15565049335738 0.472843546748519 0.604116331793329 -2.38346282838009
0.821000000000001 2.15625370442017 0.470458760438194 0.602306698604956 -2.38610846944911
0.822000000000001 2.15685510856151 0.468071332451296 0.600502486180937 -2.38874618548842
0.823000000000001 2.15745471119404 0.46568127070098 0.598703678283346 -2.39137600023747
0.824000000000001 2.15805251771419 0.463288583076694 0.596910258722901 -2.39399793736462
0.825000000000001 2.15864853350222 0.460893277444258 0.595122211358814 -2.39661202046731
0.826000000000001 2.15924276392228 0.458495361645925 0.593339520098646 -2.39921827307231
0.827000000000001 2.15983521432244 0.456094843500459 0.591562168898164 -2.40181671863591
0.828000000000001 2.16042589003476 0.453691730803204 0.589790141761195 -2.40440738054415
0.829000000000001 2.16101479637533 0.45128603132615 0.588023422739483 -2.40699028211298
0.830000000000001 2.16160193864431 0.448877752818009 0.586261995932545 -2.40956544658856
0.831000000000001 2.16218732212598 0.446466903004278 0.584505845487527 -2.41213289714737
0.832000000000001 2.1627709520888 0.444053489587317 0.582754955599065 -2.41469265689648
0.833000000000001 2.16335283378545 0.441637520246408 0.581009310509136 -2.41724474887376
0.834000000000001 2.16393297245285 0.439219002637836 0.579268894506924 -2.41978919604804
0.835000000000001 2.16451137331227 0.436797944394946 0.577533691928672 -2.42232602131937
0.836000000000001 2.16508804156931 0.43437435312822 0.575803687157546 -2.42485524751919
0.837000000000001 2.16566298241399 0.431948236425343 0.574078864623491 -2.42737689741056
0.838000000000001 2.16623620102079 0.429519601851269 0.572359208803093 -2.42989099368834
0.839000000000001 2.16680770254868 0.427088456948294 0.570644704219437 -2.43239755897942
0.840000000000001 2.16737749214117 0.424654809236119 0.568935335441972 -2.43489661584289
0.841000000000001 2.16794557492637 0.422218666211919 0.567231087086365 -2.43738818677029
0.842000000000001 2.16851195601703 0.419780035350415 0.565531943814372 -2.43987229418578
0.843000000000001 2.1690766405106 0.417338924103932 0.563837890333689 -2.44234896044633
0.844000000000001 2.16963963348922 0.414895339902476 0.562148911397826 -2.44481820784196
0.845000000000001 2.17020094001984 0.412449290153795 0.56046499180596 -2.44728005859592
0.846000000000001 2.17076056515422 0.410000782243445 0.558786116402803 -2.44973453486487
0.847000000000001 2.171318513929 0.407549823534863 0.557112270078466 -2.45218165873912
0.848000000000001 2.17187479136572 0.405096421369424 0.55544343776832 -2.4546214522428
0.849000000000001 2.17242940247087 0.402640583066514 0.553779604452863 -2.45705393733407
0.850000000000001 2.17298235223596 0.400182315923595 0.552120755157584 -2.45947913590532
0.851000000000001 2.17353364563755 0.397721627216267 0.550466874952828 -2.46189706978333
0.852000000000001 2.17408328763727 0.395258524198338 0.548817948953663 -2.46430776072955
0.853000000000001 2.17463128318191 0.392793014101885 0.547173962319742 -2.46671123044019
0.854000000000001 2.17517763720343 0.390325104137325 0.545534900255176 -2.46910750054651
0.855000000000001 2.17572235461903 0.387854801493472 0.543900748008395 -2.47149659261495
0.856000000000001 2.17626544033115 0.385382113337606 0.542271490872017 -2.47387852814735
0.857000000000001 2.17680689922759 0.382907046815542 0.540647114182717 -2.47625332858116
0.858000000000001 2.17734673618146 0.380429609051685 0.539027603321095 -2.47862101528959
0.859000000000001 2.17788495605131 0.377949807149101 0.53741294371154 -2.48098160958184
0.860000000000001 2.17842156368112 0.375467648189578 0.535803120822107 -2.48333513270327
0.861000000000001 2.17895656390037 0.37298313923369 0.534198120164377 -2.4856816058356
0.862000000000001 2.17948996152405 0.370496287320862 0.532597927293335 -2.48802105009712
0.863000000000001 2.18002176135275 0.368007099469434 0.531002527807234 -2.49035348654283
0.864000000000001 2.18055196817267 0.365515582676717 0.529411907347467 -2.49267893616469
0.865000000000001 2.18108058675568 0.363021743919069 0.52782605159844 -2.49499741989174
0.866000000000001 2.18160762185935 0.360525590151943 0.52624494628744 -2.49730895859036
0.867000000000001 2.18213307822699 0.358027128309962 0.524668577184509 -2.49961357306442
0.868000000000001 2.18265696058772 0.355526365306974 0.523096930102313 -2.50191128405546
0.869000000000001 2.18317927365649 0.353023308036118 0.52152999089602 -2.50420211224289
0.870000000000001 2.1837000221341 0.350517963369883 0.519967745463165 -2.50648607824418
0.871000000000001 2.18421921070732 0.348010338160173 0.518410179743529 -2.50876320261505
0.872000000000001 2.18473684404882 0.345500439238364 0.51685727971901 -2.51103350584963
0.873000000000001 2.18525292681733 0.342988273415374 0.515309031413497 -2.51329700838065
0.874000000000001 2.18576746365758 0.340473847481713 0.513765420892746 -2.51555373057967
0.875000000000001 2.18628045920041 0.337957168207554 0.51222643426425 -2.5178036927572
0.876000000000001 2.18679191806279 0.335438242342789 0.51069205767712 -2.5200469151629
0.877000000000001 2.18730184484784 0.332917076617089 0.509162277321957 -2.5222834179858
0.878000000000001 2.18781024414492 0.330393677739968 0.507637079430726 -2.52451322135444
0.879000000000001 2.18831712052961 0.327868052400841 0.506116450276637 -2.52673634533706
0.880000000000001 2.18882247856382 0.325340207269086 0.504600376174016 -2.52895280994179
0.881000000000001 2.18932632279576 0.3228101489941 0.503088843478187 -2.53116263511683
0.882000000000001 2.18982865776004 0.320277884205365 0.501581838585345 -2.53336584075063
0.883000000000001 2.19032948797768 0.317743419512502 0.500079347932437 -2.53556244667204
0.884000000000001 2.19082881795615 0.315206761505335 0.498581357997035 -2.53775247265054
0.885000000000001 2.19132665218942 0.312667916753945 0.49708785529722 -2.53993593839637
0.886000000000001 2.19182299515801 0.310126891808735 0.495598826391459 -2.54211286356074
0.887000000000001 2.192317851329 0.307583693200486 0.49411425787848 -2.54428326773599
0.888000000000001 2.19281122515611 0.305038327440414 0.492634136397157 -2.54644717045578
0.889000000000001 2.1933031210797 0.302490801020233 0.491158448626388 -2.54860459119523
0.890000000000001 2.19379354352683 0.299941120412211 0.489687181284971 -2.55075554937117
0.891000000000001 2.19428249691133 0.297389292069225 0.488220321131491 -2.55290006434221
0.892000000000001 2.19476998563376 0.294835322424827 0.486757854964197 -2.55503815540902
0.893000000000001 2.19525601408153 0.292279217893294 0.485299769620883 -2.55716984181442
0.894000000000001 2.1957405866289 0.28972098486969 0.483846051978772 -2.5592951427436
0.895000000000001 2.19622370763703 0.287160629729923 0.482396688954394 -2.5614140773243
0.896000000000001 2.196705381454 0.2845981588308 0.480951667503474 -2.56352666462693
0.897000000000001 2.19718561241489 0.282033578510089 0.479510974620807 -2.5656329236648
0.898000000000001 2.19766440484178 0.279466895086573 0.478074597340148 -2.56773287339425
0.899000000000001 2.19814176304379 0.276898114860103 0.476642522734092 -2.56982653271484
0.900000000000001 2.19861769131717 0.274327244111664 0.475214737913959 -2.57191392046953
0.901000000000001 2.19909219394527 0.271754289103423 0.473791230029674 -2.5739950554448
0.902000000000001 2.19956527519861 0.26917925607879 0.472371986269658 -2.5760699563709
0.903000000000001 2.20003693933492 0.266602151262473 0.470956993860706 -2.57813864192195
0.904000000000001 2.2005071905992 0.264022980860532 0.469546240067879 -2.58020113071613
0.905000000000001 2.2009760332237 0.261441751060438 0.468139712194381 -2.58225744131585
0.906000000000001 2.20144347142801 0.258858468031128 0.466737397581453 -2.58430759222792
0.907000000000001 2.20190950941907 0.25627313792306 0.465339283608254 -2.58635160190371
0.908000000000001 2.20237415139124 0.253685766868267 0.463945357691748 -2.58838948873933
0.909000000000001 2.20283740152629 0.251096360980414 0.462555607286593 -2.59042127107578
0.910000000000001 2.20329926399348 0.248504926354852 0.461170019885026 -2.59244696719909
0.911000000000001 2.20375974294957 0.245911469068676 0.459788583016751 -2.59446659534056
0.912000000000001 2.20421884253888 0.243315995180772 0.458411284248827 -2.59648017367685
0.913000000000001 2.20467656689331 0.240718510731882 0.457038111185555 -2.59848772033018
0.914000000000001 2.20513292013237 0.23811902174465 0.455669051468368 -2.60048925336848
0.915000000000001 2.20558790636325 0.235517534223679 0.454304092775721 -2.60248479080557
0.916000000000001 2.20604152968083 0.232914054155585 0.452943222822975 -2.60447435060129
0.917000000000001 2.20649379416773 0.230308587509054 0.451586429362292 -2.6064579506617
0.918000000000001 2.20694470389432 0.227701140234889 0.450233700182522 -2.6084356088392
0.919000000000001 2.20739426291879 0.22509171826607 0.448885023109092 -2.61040734293274
0.920000000000001 2.20784247528719 0.222480327517803 0.4475403860039 -2.61237317068794
0.921000000000001 2.20828934503342 0.219866973887575 0.446199776765203 -2.61433310979726
0.922000000000001 2.20873487617932 0.21725166325521 0.444863183327509 -2.61628717790016
0.923000000000001 2.20917907273467 0.214634401482914 0.443530593661468 -2.61823539258328
0.924000000000001 2.20962193869724 0.212015194415338 0.442201995773763 -2.62017777138055
0.925000000000001 2.21006347805282 0.209394047879621 0.440877377707006 -2.6221143317734
0.926000000000001 2.21050369477528 0.206770967685449 0.439556727539623 -2.62404509119088
0.927000000000001 2.21094259282657 0.204145959625104 0.438240033385755 -2.62597006700985
0.928000000000001 2.21138017615678 0.201519029473519 0.436927283395147 -2.62788927655509
0.929000000000001 2.21181644870415 0.198890182988327 0.435618465753037 -2.62980273709952
0.930000000000001 2.21225141439514 0.196259425909914 0.43431356868006 -2.63171046586427
0.931000000000001 2.21268507714445 0.193626763961468 0.433012580432133 -2.63361248001894
0.932000000000001 2.21311744085504 0.190992202849039 0.431715489300353 -2.63550879668165
0.933000000000001 2.2135485094182 0.188355748261579 0.43042228361089 -2.63739943291927
0.934000000000001 2.21397828671353 0.185717405871002 0.429132951724885 -2.63928440574754
0.935000000000001 2.21440677660904 0.183077181332231 0.427847482038342 -2.64116373213123
0.936000000000001 2.21483398296115 0.18043508028325 0.426565862982026 -2.64303742898428
0.937000000000001 2.21525990961471 0.177791108345152 0.425288083021356 -2.64490551316999
0.938000000000001 2.21568456040306 0.175145271122194 0.424014130656303 -2.64676800150112
0.939000000000001 2.21610793914806 0.172497574201846 0.422743994421289 -2.64862491074007
0.940000000000001 2.21653004966013 0.16984802315484 0.421477662885078 -2.65047625759905
0.941000000000001 2.21695089573827 0.16719662353522 0.420215124650678 -2.65232205874019
0.942000000000001 2.21737048117008 0.164543380880394 0.418956368355236 -2.65416233077572
0.943000000000001 2.21778880973185 0.161888300711183 0.417701382669937 -2.65599709026808
0.944000000000001 2.21820588518852 0.159231388531868 0.416450156299902 -2.65782635373014
0.945000000000001 2.2186217112938 0.156572649830244 0.415202677984085 -2.65965013762527
0.946000000000001 2.2190362917901 0.153912090077668 0.413958936495172 -2.66146845836754
0.947000000000001 2.21944963040866 0.151249714729105 0.412718920639482 -2.66328133232185
0.948000000000001 2.21986173086954 0.148585529223181 0.411482619256863 -2.66508877580408
0.949000000000001 2.22027259688163 0.145919538982231 0.410250021220595 -2.66689080508123
0.950000000000001 2.22068223214273 0.143251749412347 0.409021115437288 -2.66868743637157
0.951000000000001 2.22109064033957 0.140582165903426 0.40779589084678 -2.67047868584481
0.952000000000001 2.22149782514781 0.137910793829222 0.406574336422042 -2.6722645696222
0.953000000000001 2.22190379023213 0.135237638547389 0.405356441169077 -2.6740451037767
0.954000000000001 2.22230853924622 0.132562705399534 0.404142194126818 -2.67582030433314
0.955000000000001 2.22271207583281 0.129885999711262 0.402931584367035 -2.67759018726832
0.956000000000001 2.22311440362375 0.127207526792227 0.40172460099423 -2.67935476851122
0.957000000000001 2.22351552623998 0.124527291936177 0.400521233145546 -2.68111406394306
0.958000000000001 2.2239154472916 0.121845300421 0.399321469990664 -2.68286808939753
0.959000000000001 2.22431417037792 0.119161557508778 0.398125300731707 -2.68461686066087
0.960000000000001 2.22471169908744 0.116476068445829 0.396932714603144 -2.68636039347202
0.961000000000001 2.22510803699793 0.113788838462753 0.395743700871692 -2.68809870352279
0.962000000000001 2.22550318767642 0.111099872774487 0.394558248836219 -2.689831806458
0.963000000000001 2.22589715467928 0.108409176580343 0.393376347827649 -2.69155971787556
0.964000000000001 2.2262899415522 0.105716755064058 0.392197987208865 -2.69328245332671
0.965000000000001 2.22668155183029 0.103022613393843 0.391023156374613 -2.69500002831606
0.966000000000001 2.22707198903802 0.100326756722427 0.389851844751407 -2.69671245830181
0.967000000000001 2.22746125668935 0.0976291901871029 0.388684041797436 -2.69841975869584
0.968000000000001 2.22784935828767 0.0949299189097763 0.387519737002465 -2.70012194486386
0.969000000000001 2.22823629732591 0.0922289479970098 0.386358919887742 -2.70181903212556
0.970000000000001 2.22862207728652 0.0895262825400693 0.385201580005906 -2.70351103575474
0.971000000000001 2.22900670164153 0.086821927614968 0.384047706940891 -2.70519797097944
0.972000000000001 2.22939017385255 0.084115888282517 0.38289729030783 -2.70687985298208
0.973000000000001 2.22977249737084 0.0814081695883648 0.381750319752967 -2.70855669689963
0.974000000000001 2.23015367563731 0.0786987765630482 0.380606784953558 -2.71022851782368
0.975000000000001 2.23053371208256 0.0759877142220331 0.379466675617783 -2.71189533080063
0.976000000000001 2.23091261012694 0.0732749875657617 0.378329981484649 -2.71355715083182
0.977000000000001 2.23129037318052 0.0705606015796985 0.377196692323903 -2.71521399287363
0.978000000000001 2.23166700464318 0.0678445612343732 0.376066797935934 -2.71686587183765
0.979000000000001 2.2320425079046 0.0651268714854263 0.374940288151685 -2.71851280259081
0.980000000000001 2.23241688634431 0.0624075372736539 0.37381715283256 -2.7201547999555
0.981000000000001 2.23279014333171 0.0596865635250521 0.372697381870334 -2.72179187870969
0.982000000000001 2.23316228222614 0.0569639551508598 0.37158096518706 -2.72342405358711
0.983000000000001 2.23353330637683 0.0542397170476061 0.370467892734981 -2.72505133927735
0.984000000000001 2.23390321912301 0.0515138540971516 0.369358154496438 -2.72667375042599
0.985000000000001 2.2342720237939 0.048786371166734 0.368251740483778 -2.72829130163473
0.986000000000001 2.23463972370874 0.046057273109009 0.367148640739268 -2.72990400746156
0.987000000000001 2.23500632217682 0.0433265647620988 0.366048845335003 -2.73151188242083
0.988000000000001 2.23537182249755 0.0405942509496322 0.364952344372817 -2.73311494098343
0.989000000000001 2.23573622796043 0.0378603364807879 0.363859127984193 -2.7347131975769
0.990000000000001 2.2360995418451 0.0351248261503394 0.362769186330178 -2.73630666658555
0.991000000000001 2.2364617674214 0.0323877247386983 0.361682509601288 -2.73789536235063
0.992000000000001 2.23682290794935 0.0296490370119531 0.360599088017426 -2.73947929917039
0.993000000000001 2.23718296667923 0.0269087677219195 0.35951891182779 -2.74105849130029
0.994000000000001 2.23754194685156 0.0241669216061773 0.358441971310788 -2.74263295295307
0.995000000000001 2.23789985169718 0.0214235033881152 0.357368256773947 -2.74420269829888
0.996000000000001 2.23825668443722 0.0186785177769728 0.356297758553828 -2.74576774146545
0.997000000000001 2.23861244828318 0.0159319694678821 0.355230467015942 -2.74732809653818
0.998000000000001 2.23896714643694 0.0131838631419128 0.354166372554657 -2.74888377756027
0.999000000000001 2.23932078209079 0.0104342034661107 0.353105465593115 -2.75043479853287
1 2.23967335842744 0.00768299509354353 0.352047736583148 -2.75198117341516
1.001 2.2400248786201 0.00493024266333819 0.350993176005186 -2.75352291612455
1.002 2.24037534583243 0.00217595080072686 0.349941774368177 -2.75506004053671
1.003 2.24072476321866 -0.000579875882913861 0.348893522209499 -2.75659256048579
