0 0 0 7.07106781186548 7.07106781186547
0.001 0.00706400145574269 0.00705910472077665 7.05693980895399 7.04714960242392
0.002 0.0141138890271629 0.0140943151343838 7.04284003381115 7.02327918159671
0.003 0.0211496909138203 0.0211056789816788 7.02876843003784 6.99945645390212
0.004 0.0281714352589316 0.028093243908133 7.01472494134761 6.97568132404921
0.005 0.0351791501494838 0.0350570574640219 7.00070951156651 6.95195369693743
0.006 0.042172863616346 0.0419971671046163 6.98672208463278 6.92827347765624
0.007 0.0491526036343809 0.0489136201903692 6.97276260459671 6.90464057148474
0.008 0.056118398122558 0.0558064639871094 6.95883101562036 6.88105488389125
0.009 0.0630702749440646 0.0626757456662277 6.94492726197735 6.85751632053302
0.01 0.0700082619064178 0.0695215123048674 6.93105128805264 6.83402478725574
0.011 0.0769323867615736 0.076343810886109 6.91720303834233 6.81058019009326
0.012 0.0838426772060416 0.0831426882991638 6.90338245745339 6.78718243526715
0.013 0.090739160880992 0.089918191339556 6.88958949010349 6.76383142918636
0.014 0.0976218653723698 0.0966703667093149 6.87582408112074 6.74052707844684
0.015 0.104490818211001 0.103399261017156 6.86208617544347 6.71726928983116
0.016 0.111346046872707 0.110104920778672 6.84837571812006 6.69405797030813
0.017 0.118187578778411 0.116787392416519 6.83469265430865 6.67089302703243
0.018 0.12501544129425 0.123446722260598 6.82103692927698 6.64777436734428
0.019 0.131829661731682 0.130082956548243 6.80740848840211 6.62470189876899
0.02 0.1386302673476 0.136696141424408 6.79380727717028 6.60167552901666
0.021 0.145417285344434 0.143286322941847 6.78023324117661 6.57869516598178
0.022 0.152190742870266 0.149853547061302 6.76668632612494 6.55576071774287
0.023 0.158950667018935 0.156397859651684 6.75316647782761 6.53287209256211
0.024 0.165697084830145 0.162919306490258 6.73967364220519 6.51002919888496
0.025 0.172430023289578 0.169417933262829 6.72620776528632 6.48723194533982
0.026 0.179149509328997 0.175893785563917 6.71276879320748 6.46448024073764
0.027 0.185855569826353 0.182346908896947 6.69935667221277 6.44177399407158
0.028 0.192548231605899 0.188777348674428 6.68597134865368 6.41911311451662
0.029 0.199227521438291 0.195185150218134 6.67261276898889 6.3964975114292
0.03 0.205893466040696 0.201570358759286 6.65928087978408 6.3739270943469
0.031 0.212546092076902 0.207933019438734 6.64597562771167 6.35140177298801
0.032 0.219185426157422 0.214273177307135 6.63269695955063 6.32892145725121
0.033 0.225811494839601 0.220590877325135 6.61944482218627 6.3064860572152
0.034 0.232424324627723 0.226886164363549 6.60621916261003 6.28409548313837
0.035 0.239023941973115 0.233159083203542 6.59301992791925 6.26174964545839
0.036 0.245610373274256 0.239409678536802 6.57984706531696 6.23944845479187
0.037 0.25218364487688 0.245637994965727 6.56670052211171 6.21719182193402
0.038 0.258743783074082 0.251844077003595 6.55358024571731 6.19497965785828
0.039 0.265290814106423 0.258027969074752 6.54048618365263 6.17281187371597
0.04 0.271824764162037 0.26418971551478 6.5274182835414 6.15068838083591
0.041 0.278345659376733 0.270329360570678 6.51437649311201 6.12860909072412
0.042 0.284853525834098 0.276446948401043 6.50136076019728 6.10657391506339
0.043 0.29134838956561 0.28254252307624 6.48837103273426 6.08458276571299
0.044 0.29783027655073 0.288616128578582 6.47540725876402 6.06263555470831
0.045 0.304299212717016 0.294667808802507 6.46246938643144 6.04073219426046
0.046 0.310755223940221 0.300697607554749 6.44955736398503 6.01887259675598
0.047 0.317198336044398 0.306705568554518 6.43667113977668 5.99705667475644
0.048 0.323628574802004 0.312691735433674 6.42381066226147 5.97528434099813
0.049 0.330045965934003 0.318656151736897 6.41097587999747 5.95355550839168
0.05 0.336450535109968 0.324598860921867 6.39816674164554 5.93187009002174
0.051 0.342842307948185 0.330519906359436 6.38538319596911 5.9102279991466
0.052 0.349221310015753 0.336419331333801 6.37262519183397 5.88862914919787
0.053 0.355587566828688 0.342297179042674 6.3598926782081 5.86707345378013
0.054 0.361941103852027 0.348153492597462 6.34718560416142 5.84556082667055
0.055 0.368281946499927 0.353988315023432 6.33450391886562 5.82409118181861
0.056 0.374610120135765 0.35980168925989 6.32184757159394 5.80266443334569
0.057 0.380925650072247 0.365593658160346 6.30921651172098 5.78128049554478
0.058 0.387228561571498 0.37136426449269 6.29661068872248 5.75993928288009
0.059 0.393518879845174 0.377113550939362 6.28403005217513 5.73864070998675
0.06 0.399796630054556 0.38284156009752 6.27147455175636 5.71738469167043
0.061 0.406061837310655 0.388548334479218 6.25894413724417 5.69617114290704
0.062 0.412314526674305 0.394233916511566 6.24643875851686 5.67499997884234
0.063 0.418554723156275 0.399898348536906 6.23395836555293 5.65387111479166
0.064 0.424782451717357 0.40554167281298 6.22150290843076 5.63278446623951
0.065 0.430997737268476 0.4111639315131 6.20907233732852 5.61173994883927
0.066 0.437200604670779 0.416765166726314 6.19666660252392 5.59073747841284
0.067 0.443391078735747 0.422345420457578 6.18428565439398 5.56977697095032
0.068 0.449569184225283 0.42790473462792 6.17192944341491 5.54885834260963
0.069 0.455734945851818 0.433443151074612 6.15959792016184 5.52798150971625
0.07 0.461888388278406 0.438960711551331 6.14729103530866 5.50714638876281
0.071 0.468029536118825 0.444457457728335 6.13500873962783 5.4863528964088
0.0720000000000001 0.474158413937675 0.449933431192622 6.12275098399013 5.46560094948023
0.0730000000000001 0.480275046250475 0.4553886734481 6.11051771936453 5.44489046496927
0.0740000000000001 0.486379457523762 0.460823225915751 6.09830889681795 5.42422136003397
0.0750000000000001 0.492471672175191 0.466237129933799 6.08612446751509 5.40359355199788
0.0760000000000001 0.498551714573627 0.471630426757874 6.07396438271822 5.38300695834972
0.0770000000000001 0.504619609039248 0.477003157561177 6.06182859378698 5.36246149674312
0.0780000000000001 0.510675379843641 0.482355363434645 6.04971705217819 5.34195708499618
0.0790000000000001 0.516719051209895 0.487687085387115 6.03762970944568 5.32149364109124
0.0800000000000001 0.522750647312706 0.492998364345488 6.02556651724006 5.3010710831745
0.0810000000000001 0.528770192278466 0.498289241154895 6.01352742730854 5.28068932955568
0.0820000000000001 0.534777710185362 0.503559756578855 6.00151239149475 5.26034829870776
0.0830000000000001 0.540773225063474 0.508809951299444 5.98952136173853 5.24004790926658
0.0840000000000001 0.546756760894869 0.514039865917455 5.97755429007574 5.21978808003056
0.0850000000000001 0.552728341613699 0.519249540952559 5.96561112863808 5.19956872996036
0.0860000000000001 0.558687991106295 0.52443901684347 5.95369182965289 5.17938977817853
0.0870000000000001 0.564635733211262 0.529608333948105 5.94179634544295 5.15925114396926
0.0880000000000001 0.570571591719577 0.534757532543746 5.92992462842632 5.13915274677798
0.0890000000000001 0.576495590374682 0.5398866528272 5.91807663111611 5.11909450621107
0.0900000000000001 0.58240775287258 0.544995734914963 5.90625230612032 5.09907634203555
0.0910000000000001 0.588308102861928 0.550084818843376 5.89445160614162 5.07909817417872
0.0920000000000001 0.594196663944134 0.555153944568787 5.88267448397721 5.0591599227279
0.0930000000000001 0.60007345967345 0.560203151967715 5.87092089251858 5.03926150793004
0.0940000000000001 0.605938513557067 0.565232480836999 5.85919078475134 5.01940285019147
0.0950000000000001 0.611791849055208 0.570241970893971 5.84748411375506 4.99958387007753
0.0960000000000001 0.617633489581224 0.575231661776602 5.83580083270303 4.97980448831227
0.0970000000000001 0.623463458501683 0.58020159304367 5.82414089486211 4.96006462577813
0.0980000000000001 0.629281779136471 0.585151804174914 5.81250425359253 4.94036420351565
0.0990000000000001 0.635088474758876 0.59008233457119 5.80089086234772 4.92070314272309
0.1 0.640883568595689 0.594993223554634 5.7893006746741 4.90108136475621
0.101 0.646667083827294 0.599884510368814 5.77773364421089 4.88149879112785
0.102 0.652439043587757 0.60475623417889 5.76618972468996 4.86195534350769
0.103 0.658199470964928 0.609608434071772 5.75466886993562 4.84245094372193
0.104 0.663948389000522 0.614441149056271 5.74317103386443 4.82298551375293
0.105 0.66968582069022 0.619254418063261 5.73169617048504 4.80355897573895
0.106 0.675411788983755 0.62404827994583 5.72024423389797 4.78417125197381
0.107 0.681126316785009 0.628822773479439 5.70881517829546 4.76482226490659
0.108 0.686829426952101 0.633577937362076 5.69740895796127 4.74551193714132
0.109 0.692521142297479 0.638313810214407 5.68602552727052 4.72624019143666
0.11 0.698201485588011 0.643030430579938 5.67466484068945 4.7070069507056
0.111 0.703870479545079 0.647727836925164 5.66332685277532 4.68781213801515
0.112 0.709528146844666 0.652406067639721 5.65201151817614 4.66865567658603
0.113 0.715174510117448 0.657065161036546 5.64071879163058 4.64953748979238
0.114 0.720809591948887 0.661705155352025 5.6294486279677 4.63045750116142
0.115 0.726433414879317 0.666326088746148 5.61820098210684 4.61141563437318
0.116 0.732046001404037 0.670927999302661 5.6069758090574 4.59241181326015
0.117 0.7376473739734 0.67551092502922 5.59577306391867 4.57344596180703
0.118 0.743237554992906 0.680074903857539 5.58459270187966 4.55451800415039
0.119 0.748816566823285 0.684619973643547 5.57343467821891 4.53562786457838
0.12 0.754384431780592 0.689146172167536 5.56229894830429 4.5167754675304
0.121 0.759941172136294 0.693653537134311 5.55118546759289 4.49796073759685
0.122 0.76548681011736 0.698142106173346 5.54009419163076 4.47918359951878
0.123 0.771021367906349 0.702611916838929 5.52902507605278 4.46044397818761
0.124 0.7765448676415 0.707063006610316 5.51797807658248 4.44174179864484
0.125 0.782057331416819 0.711495412891877 5.50695314903184 4.42307698608172
0.126 0.787558781282169 0.715909173013251 5.49595024930114 4.40444946583897
0.127 0.793049239243357 0.72030432422949 5.48496933337876 4.38585916340649
0.128 0.798528727262221 0.724680903721212 5.47401035734103 4.36730600442305
0.129 0.803997267256721 0.729038948594747 5.46307327735203 4.34878991467598
0.13 0.809454881101024 0.733378495882286 5.45215804966343 4.3303108201009
0.131 0.814901590625593 0.737699582542032 5.44126463061429 4.31186864678141
0.132 0.820337417617274 0.742002245458343 5.43039297663093 4.29346332094879
0.133 0.825762383819381 0.746286521441884 5.41954304422671 4.27509476898171
0.134 0.831176510931786 0.750552447229769 5.4087147900019 4.25676291740593
0.135 0.836579820611005 0.754800059485715 5.39790817064346 4.23846769289404
0.136 0.841972334470285 0.759029394800182 5.38712314292491 4.22020902226511
0.137 0.847354074079687 0.763240489690526 5.3763596637061 4.20198683248442
0.138 0.852725060966178 0.767433380601137 5.36561768993312 4.1838010506632
0.139 0.858085316613712 0.77160810390359 5.35489717863805 4.16565160405829
0.14 0.863434862463319 0.775764695896791 5.34419808693884 4.14753842007189
0.141 0.868773719913189 0.779903192807121 5.3335203720391 4.12946142625123
0.142 0.874101910318759 0.784023630788578 5.32286399122796 4.11142055028832
0.143 0.879419454992798 0.788126045922927 5.31222890187988 4.09341572001962
0.144 0.884726375205492 0.79221047421984 5.30161506145449 4.07544686342579
0.145 0.890022692184529 0.796276951617043 5.29102242749642 4.05751390863139
0.146 0.895308427115183 0.800325513980457 5.28045095763511 4.03961678390456
0.147 0.900583601140402 0.804356197104344 5.26990060958467 4.02175541765678
0.148 0.905848235360888 0.808369036711447 5.2593713411437 4.00392973844258
0.149 0.911102350835185 0.812364068453138 5.2488631101951 3.9861396749592
0.15 0.916345968579763 0.816341327909554 5.23837587470595 3.96838515604636
0.151 0.9215791095691 0.820300850589747 5.22790959272728 3.95066611068598
0.152 0.926801794735766 0.824242671931817 5.21746422239394 3.93298246800184
0.153 0.932014044970508 0.828166827303062 5.20703972192446 3.91533415725935
0.154 0.937215881122335 0.832073352000116 5.19663604962081 3.89772110786524
0.155 0.942407323998599 0.83596228124909 5.18625316386828 3.88014324936729
0.156 0.947588394365078 0.839833650205712 5.17589102313532 3.86260051145405
0.157 0.952759112946059 0.843687493955468 5.16554958597336 3.84509282395454
0.158 0.957919500424425 0.847523847513746 5.15522881101663 3.82762011683798
0.159 0.963069577441732 0.851342745825973 5.14492865698201 3.81018232021353
0.16 0.968209364598296 0.855144223767753 5.13464908266888 3.79277936432997
0.161 0.97333888245327 0.858928316145008 5.12439004695893 3.77541117957546
0.162 0.978458151524735 0.86269505769412 5.11415150881601 3.75807769647723
0.163 0.983567192289772 0.866444483082068 5.10393342728593 3.74077884570134
0.164 0.988666025184553 0.870176626906564 5.09373576149637 3.72351455805234
0.165 0.993754670604414 0.873891523696195 5.08355847065665 3.70628476447308
0.166 0.998833148903945 0.877589207910558 5.07340151405759 3.68908939604436
0.167 1.00390148039707 0.881269713940405 5.06326485107134 3.67192838398466
0.168 1.00895968535711 0.884933076107768 5.05314844115126 3.65480165964994
0.169 1.0140077840169 0.888579328666109 5.04305224383167 3.63770915453325
0.17 1.01904579656884 0.892208505800449 5.03297621872779 3.62065080026457
0.171 1.02407374316499 0.895820641627508 5.02292032553549 3.60362652861046
0.172 1.02909164391714 0.899415770195841 5.01288452403119 3.58663627147379
0.173 1.0340995188969 0.902993925485973 5.00286877407167 3.56967996089353
0.174 1.03909738813578 0.906555141410537 4.99287303559392 3.5527575290444
0.175 1.04408527162526 0.910099451814408 4.98289726861496 3.53586890823666
0.176 1.04906318931687 0.913626890474838 4.97294143323173 3.5190140309158
0.177 1.05403116112231 0.917137491101593 4.96300548962086 3.50219282966229
0.178 1.05898920691346 0.920631287337088 4.95308939803856 3.4854052371913
0.179 1.06393734652251 0.924108312756519 4.94319311882046 3.46865118635244
0.18 1.06887559974202 0.927568600867997 4.93331661238143 3.45193061012948
0.181 1.07380398632503 0.931012185112687 4.92345983921542 3.4352434416401
0.182 1.07872252598507 0.934439098864938 4.91362275989534 3.4185896141356
0.183 1.08363123839632 0.937849375432413 4.90380533507284 3.40196906100065
0.184 1.08853014319362 0.941243048056233 4.89400752547823 3.38538171575301
0.185 1.09341925997262 0.944620149911098 4.88422929192024 3.36882751204328
0.186 1.09829860828977 0.947980714105425 4.87447059528593 3.35230638365462
0.187 1.10316820766248 0.951324773681484 4.86473139654051 3.3358182645025
0.188 1.10802807756916 0.954652361615523 4.85501165672715 3.31936308863443
0.189 1.11287823744929 0.957963510817906 4.8453113369669 3.30294079022966
0.19 1.11771870670351 0.961258254133239 4.83563039845845 3.28655130359899
0.191 1.12254950469371 0.964536624340507 4.82596880247805 3.27019456318446
0.192 1.12737065074309 0.967798654153203 4.81632651037929 3.25387050355907
0.193 1.13218216413624 0.971044376219456 4.80670348359299 3.23757905942656
0.194 1.13698406411922 0.974273823122163 4.79709968362704 3.22132016562115
0.195 1.14177636989963 0.977487027379126 4.78751507206621 3.20509375710722
0.196 1.14655910064671 0.980684021443172 4.77794961057206 3.18889976897913
0.197 1.15133227549138 0.983864837702287 4.76840326088272 3.1727381364609
0.198 1.15609591352634 0.987029508479747 4.75887598481279 3.15660879490598
0.199 1.16085003380617 0.990178066034246 4.74936774425313 3.14051167979698
0.2 1.16559465534734 0.993310542560025 4.73987850117079 3.12444672674542
0.201 1.17032979712835 0.996426970187002 4.73040821760877 3.10841387149147
0.202 1.17505547808977 0.999527380980895 4.72095685568593 3.09241304990368
0.203 1.17977171713433 1.00261180694336 4.71152437759681 3.07644419797875
0.204 1.184478533127 1.00568028001211 4.70211074561148 3.06050725184124
0.205 1.18917594489504 1.00873283206106 4.6927159220754 3.04460214774336
0.206 1.19386397122811 1.01176949490041 4.68333986940926 3.02872882206466
0.207 1.19854263087831 1.01479030027683 4.67398255010885 3.01288721131182
0.208 1.2032119425603 1.01779527987355 4.66464392674487 2.99707725211838
0.209 1.20787192495133 1.0207844653105 4.65532396196282 2.98129888124447
0.21 1.21252259669133 1.02375788814444 4.64602261848282 2.9655520355766
0.211 1.21716397638299 1.02671557986906 4.63673985909949 2.94983665212735
0.212 1.22179608259185 1.02965757191514 4.62747564668178 2.93415266803519
0.213 1.22641893384632 1.03258389565067 4.61822994417283 2.91850002056414
0.214 1.23103254863783 1.03549458238094 4.60900271458981 2.90287864710359
0.215 1.23563694542084 1.03838966334872 4.59979392102379 2.88728848516804
0.216 1.24023214261294 1.04126916973433 4.59060352663959 2.87172947239681
0.217 1.24481815859493 1.04413313265582 4.58143149467562 2.85620154655384
0.218 1.24939501171087 1.04698158316904 4.57227778844374 2.84070464552739
0.219 1.25396272026819 1.04981455226781 4.5631423713291 2.82523870732984
0.22 1.25852130253772 1.05263207088402 4.55402520679004 2.80980367009743
0.221 1.2630707767538 1.05543416988775 4.54492625835787 2.79439947208997
0.222 1.26761116111434 1.0582208800874 4.5358454896368 2.77902605169067
0.223 1.27214247378087 1.06099223222983 4.52678286430374 2.7636833474058
0.224 1.27666473287866 1.06374825700046 4.51773834610816 2.74837129786455
0.225 1.28117795649674 1.06648898502339 4.508711898872 2.73308984181869
0.226 1.28568216268802 1.06921444686155 4.49970348648944 2.71783891814237
0.227 1.29017736946932 1.0719246730168 4.49071307292683 2.70261846583187
0.228 1.29466359482149 1.07461969393004 4.4817406222225 2.68742842400538
0.229 1.29914085668942 1.07729953998138 4.47278609848663 2.67226873190271
0.23 1.30360917298218 1.07996424149021 4.46384946590112 2.65713932888505
0.231 1.30806856157303 1.08261382871534 4.45493068871942 2.64204015443479
0.232 1.31251904029953 1.08524833185513 4.44602973126642 2.6269711481552
0.233 1.3169606269636 1.08786778104761 4.43714655793828 2.61193224977024
0.234 1.3213933393316 1.09047220637059 4.42828113320228 2.5969233991243
0.235 1.32581719513438 1.09306163784176 4.41943342159671 2.58194453618195
0.236 1.33023221206737 1.09563610541888 4.41060338773073 2.56699560102771
0.237 1.33463840779065 1.09819563899981 4.40179099628418 2.55207653386584
0.238 1.339035799929 1.10074026842271 4.39299621200748 2.53718727502004
0.239 1.34342440607199 1.10327002346611 4.38421899972149 2.52232776493326
0.24 1.34780424377407 1.10578493384902 4.37545932431734 2.50749794416743
0.241 1.35217533055457 1.10828502923111 4.36671715075633 2.49269775340326
0.242 1.35653768389787 1.11077033921276 4.35799244406974 2.47792713343995
0.243 1.36089132125337 1.11324089333522 4.34928516935873 2.46318602519502
0.244 1.36523626003563 1.11569672108073 4.34059529179421 2.44847436970401
0.245 1.36957251762442 1.1181378518726 4.33192277661663 2.43379210812027
0.246 1.37390011136477 1.12056431507536 4.32326758913594 2.41913918171474
0.247 1.37821905856705 1.12297613999488 4.31462969473137 2.4045155318757
0.248 1.38252937650707 1.12537335587847 4.30600905885134 2.38992110010853
0.249 1.3868310824261 1.127755991915 4.29740564701328 2.37535582803547
0.25 1.39112419353097 1.13012407723502 4.28881942480353 2.36081965739543
0.251 1.39540872699413 1.13247764091088 4.28025035787721 2.3463125300437
0.252 1.39968469995373 1.13481671195686 4.27169841195802 2.33183438795175
0.253 1.40395212951365 1.13714131932924 4.26316355283818 2.317385173207
0.254 1.40821103274362 1.13945149192645 4.25464574637823 2.30296482801256
0.255 1.41246142667927 1.14174725858922 4.24614495850694 2.28857329468704
0.256 1.41670332832216 1.14402864810059 4.23766115522115 2.27421051566428
0.257 1.42093675463993 1.14629568918616 4.22919430258562 2.25987643349315
0.258 1.42516172256626 1.14854841051409 4.22074436673295 2.2455709908373
0.259 1.42937824900105 1.15078684069526 4.21231131386337 2.23129413047494
0.26 1.43358635081041 1.15301100828343 4.20389511024466 2.21704579529861
0.261 1.43778604482674 1.15522094177526 4.195495722212 2.20282592831496
0.262 1.44197734784883 1.1574166696105 4.18711311616782 2.18863447264448
0.263 1.44616027664189 1.15959822017206 4.1787472585817 2.17447137152135
0.264 1.45033484793765 1.16176562178617 4.17039811599017 2.16033656829314
0.265 1.4545010784344 1.16391890272243 4.16206565499667 2.14623000642061
0.266 1.45865898479707 1.16605809119398 4.15374984227134 2.1321516294775
0.267 1.46280858365728 1.16818321535759 4.14545064455092 2.11810138115029
0.268 1.46694989161344 1.17029430331376 4.1371680286386 2.10407920523796
0.269 1.47108292523078 1.17239138310684 4.12890196140391 2.09008504565179
0.27 1.47520770104145 1.17447448272517 4.12065240978258 2.07611884641512
0.271 1.47932423554455 1.17654363010116 4.11241934077637 2.06218055166314
0.272 1.48343254520623 1.17859885311141 4.10420272145302 2.04827010564265
0.273 1.48753264645973 1.18064017957681 4.09600251894602 2.03438745271185
0.274 1.49162455570546 1.18266763726269 4.08781870045456 2.0205325373401
0.275 1.49570828931106 1.18468125387887 4.07965123324335 2.00670530410773
0.276 1.49978386361148 1.18668105707984 4.07150008464251 1.99290569770579
0.277 1.50385129490902 1.18866707446483 4.06336522204744 1.97913366293582
0.278 1.5079105994734 1.1906393335779 4.05524661291868 1.96538914470968
0.279 1.51196179354185 1.1925978619081 4.04714422478177 1.95167208804927
0.28 1.51600489331916 1.19454268688956 4.03905802522716 1.93798243808636
0.281 1.52003991497772 1.19647383590158 4.03098798191004 1.92432014006231
0.282 1.52406687465763 1.19839133626878 4.02293406255022 1.91068513932792
0.283 1.52808578846673 1.20029521526115 4.01489623493201 1.89707738134316
0.284 1.53209667248069 1.20218550009424 4.0068744669041 1.883496811677
0.285 1.53609954274304 1.20406221792917 3.9988687263794 1.86994337600713
0.286 1.54009441526527 1.20592539587284 3.99087898133493 1.85641702011979
0.287 1.54408130602688 1.20777506097797 3.98290519981171 1.84291768990953
0.288 1.54806023097544 1.20961124024322 3.9749473499146 1.82944533137903
0.289 1.55203120602664 1.21143396061332 3.96700539981219 1.81599989063882
0.29 1.5559942470644 1.21324324897917 3.95907931773667 1.80258131390714
0.291 1.55994936994089 1.21503913217791 3.9511690719837 1.78918954750964
0.292 1.5638965904766 1.21682163699311 3.94327463091228 1.77582453787926
0.293 1.56783592446041 1.21859079015477 3.93539596294465 1.76248623155592
0.294 1.57176738764968 1.22034661833954 3.92753303656611 1.7491745751864
0.295 1.57569099577026 1.22208914817072 3.91968582032496 1.73588951552404
0.296 1.57960676451658 1.22381840621844 3.91185428283231 1.72263099942859
0.297 1.58351470955173 1.22553441899975 3.90403839276202 1.70939897386597
0.298 1.58741484650749 1.2272372129787 3.8962381188505 1.69619338590806
0.299 1.59130719098442 1.22892681456649 3.88845342989664 1.68301418273249
0.3 1.59519175855189 1.23060325012152 3.8806842947617 1.66986131162242
0.301 1.59906856474819 1.23226654594955 3.8729306823691 1.65673471996637
0.302 1.60293762508054 1.23391672830377 3.8651925617044 1.64363435525793
0.303 1.60679895502519 1.23555382338492 3.8574699018151 1.63056016509564
0.304 1.61065257002746 1.23717785734138 3.84976267181055 1.61751209718272
0.305 1.61449848550182 1.2387888562693 3.84207084086183 1.60449009932687
0.306 1.61833671683195 1.24038684621269 3.83439437820158 1.5914941194401
0.307 1.62216727937075 1.24197185316351 3.82673325312397 1.57852410553846
0.308 1.62599018844051 1.2435439030618 3.81908743498446 1.56558000574188
0.309 1.62980545933284 1.24510302179577 3.81145689319979 1.55266176827394
0.31 1.63361310730885 1.2466492352019 3.80384159724778 1.53976934146168
0.311 1.63741314759913 1.24818256906505 3.79624151666722 1.52690267373537
0.312 1.64120559540384 1.24970304911857 3.7886566210578 1.51406171362833
0.313 1.64499046589279 1.25121070104439 3.7810868800799 1.50124640977669
0.314 1.64876777420545 1.25270555047312 3.77353226345457 1.48845671091923
0.315 1.65253753545107 1.25418762298417 3.76599274096333 1.47569256589713
0.316 1.6562997647087 1.25565694410584 3.75846828244807 1.46295392365379
0.317 1.66005447702726 1.25711353931542 3.75095885781096 1.45024073323463
0.318 1.6638016874256 1.2585574340393 3.74346443701427 1.43755294378687
0.319 1.66754141089258 1.25998865365307 3.73598499008032 1.42489050455934
0.32 1.67127366238708 1.26140722348161 3.72852048709132 1.41225336490226
0.321 1.67499845683812 1.26281316879921 3.72107089818924 1.39964147426705
0.322 1.67871580914489 1.26420651482967 3.71363619357571 1.38705478220614
0.323 1.68242573417679 1.26558728674636 3.7062163435119 1.37449323837274
0.324 1.68612824677353 1.2669555096724 3.69881131831841 1.36195679252066
0.325 1.68982336174517 1.26831120868068 3.69142108837513 1.34944539450411
0.326 1.69351109387218 1.26965440879401 3.68404562412112 1.33695899427746
0.327 1.69719145790548 1.27098513498519 3.67668489605452 1.3244975418951
0.328 1.70086446856653 1.27230341217713 3.66933887473241 1.31206098751121
0.329 1.7045301405474 1.27360926524296 3.66200753077069 1.29964928137956
0.33 1.70818848851075 1.27490271900609 3.65469083484397 1.28726237385329
0.331 1.71183952709001 1.27618379824035 3.64738875768546 1.27490021538477
0.332 1.71548327088931 1.27745252767006 3.64010127008686 1.26256275652535
0.333 1.71911973448365 1.27870893197015 3.63282834289818 1.25024994792517
0.334 1.72274893241888 1.27995303576625 3.62556994702772 1.23796174033298
0.335 1.7263708792118 1.28118486363477 3.61832605344188 1.22569808459594
0.336 1.7299855893502 1.28240444010304 3.61109663316508 1.2134589316594
0.337 1.73359307729292 1.28361178964937 3.60388165727963 1.20124423256674
0.338 1.73719335746993 1.28480693670316 3.59668109692561 1.18905393845914
0.339 1.74078644428235 1.28598990564503 3.58949492330077 1.17688800057542
0.34 1.74437235210253 1.28716072080683 3.58232310766042 1.1647463702518
0.341 1.7479510952741 1.28831940647186 3.57516562131727 1.15262899892175
0.342 1.75152268811205 1.28946598687485 3.56802243564137 1.14053583811577
0.343 1.75508714490275 1.29060048620214 3.56089352205997 1.12846683946119
0.344 1.75864447990403 1.29172292859173 3.55377885205741 1.11642195468201
0.345 1.76219470734524 1.2928333381334 3.546678397175 1.10440113559867
0.346 1.76573784142729 1.2939317388688 3.5395921290109 1.09240433412787
0.347 1.76927389632272 1.29501815479153 3.53252001922004 1.08043150228241
0.348 1.77280288617575 1.29609260984727 3.52546203951397 1.06848259217092
0.349 1.77632482510236 1.29715512793385 3.51841816166075 1.05655755599777
0.35 1.7798397271903 1.29820573290135 3.51138835748487 1.04465634606278
0.351 1.78334760649918 1.29924444855219 3.50437259886711 1.0327789147611
0.352 1.78684847706053 1.30027129864124 3.49737085774441 1.02092521458299
0.353 1.79034235287784 1.30128630687592 3.4903831061098 1.00909519811363
0.354 1.7938292479266 1.30228949691626 3.48340931601228 0.997288818032941
0.355 1.79730917615441 1.30328089237504 3.47644945955666 0.985506027115389
0.356 1.80078215148098 1.30426051681784 3.46950350890352 0.973746778229793
0.357 1.80424818779822 1.30522839376316 3.46257143626904 0.962011024339143
0.358 1.80770729897028 1.30618454668253 3.45565321392492 0.950298718500404
0.359 1.81115949883361 1.30712899900057 3.44874881419826 0.938609813864341
0.36 1.81460480119701 1.30806177409508 3.44185820947146 0.926944263675318
0.361 1.8180432198417 1.30898289529718 3.43498137218208 0.915302021271118
0.362 1.82147476852135 1.30989238589136 3.42811827482278 0.903683040082758
0.363 1.82489946096217 1.31079026911559 3.42126888994114 0.892087273634296
0.364 1.82831731086292 1.31167656816141 3.41443319013963 0.880514675542652
0.365 1.83172833189502 1.31255130617403 3.40761114807543 0.868965199517416
0.366 1.83513253770256 1.3134145062524 3.40080273646036 0.857438799360672
0.367 1.83852994190235 1.31426619144933 3.39400792806078 0.845935428966801
0.368 1.84192055808402 1.31510638477158 3.38722669569743 0.834455042322307
0.369 1.84530439981005 1.31593510917992 3.38045901224538 0.822997593505629
0.37 1.84868148061579 1.31675238758926 3.37370485063389 0.811563036686954
0.371 1.85205181400959 1.31755824286871 3.3669641838463 0.800151326128042
0.372 1.85541541347277 1.31835269784172 3.36023698491993 0.788762416182036
0.373 1.85877229245975 1.3191357752861 3.35352322694598 0.777396261293278
0.374 1.86212246439803 1.31990749793417 3.34682288306942 0.766052815997137
0.375 1.86546594268832 1.32066788847283 3.34013592648884 0.754732034919813
0.376 1.86880274070452 1.32141696954365 3.33346233045643 0.743433872778168
0.377 1.87213287179385 1.32215476374297 3.32680206827778 0.73215828437954
0.378 1.87545634927682 1.32288129362196 3.32015511331184 0.720905224621559
0.379 1.87877318644734 1.32359658168675 3.31352143897079 0.70967464849197
0.38 1.88208339657279 1.32430065039851 3.3069010187199 0.698466511068455
0.381 1.88538699289399 1.32499352217351 3.3002938260775 0.687280767518449
0.382 1.88868398862533 1.32567521938325 3.29369983461481 0.676117373098963
0.383 1.89197439695482 1.32634576435453 3.28711901795584 0.664976283156404
0.384 1.89525823104407 1.32700517936954 3.28055134977733 0.653857453126397
0.385 1.89853550402844 1.32765348666593 3.27399680380859 0.642760838533609
0.386 1.90180622901702 1.32829070843695 3.26745535383144 0.631686394991564
0.387 1.90507041909271 1.3289168668315 3.26092697368005 0.620634078202476
0.388 1.90832808731228 1.32953198395421 3.25441163724091 0.609603843957061
0.389 1.91157924670641 1.33013608186555 3.24790931845266 0.598595648134367
0.39 1.91482391027973 1.33072918258194 3.24141999130601 0.587609446701599
0.391 1.91806209101092 1.33131130807577 3.23494362984364 0.576645195713933
0.392 1.92129380185268 1.33188248027556 3.22848020816011 0.565702851314352
0.393 1.92451905573188 1.332442721066 3.22202970040172 0.554782369733466
0.394 1.92773786554952 1.33299205228807 3.21559208076643 0.543883707289329
0.395 1.93095024418087 1.33353049573909 3.20916732350374 0.533006820387282
0.396 1.93415620447542 1.33405807317286 3.20275540291463 0.522151665519759
0.397 1.93735575925704 1.33457480629967 3.1963562933514 0.511318199266129
0.398 1.94054892132394 1.33508071678648 3.1899699692176 0.50050637829251
0.399 1.94373570344877 1.33557582625693 3.18359640496794 0.489716159351605
0.4 1.94691611837867 1.33606015629147 3.17723557510814 0.478947499282524
0.401 1.9500901788353 1.33653372842743 3.17088745419488 0.468200355010612
0.402 1.95325789751491 1.3369965641591 3.16455201683566 0.457474683547278
0.403 1.95641928708837 1.33744868493782 3.15822923768873 0.446770441989822
0.404 1.95957436020126 1.3378901121721 3.15191909146296 0.436087587521262
0.405 1.96272312947386 1.33832086722765 3.14562155291776 0.425426077410167
0.406 1.96586560750126 1.33874097142749 3.13933659686296 0.414785869010482
0.407 1.96900180685337 1.33915044605205 3.13306419815874 0.40416691976136
0.408 1.97213174007499 1.33954931233924 3.12680433171549 0.393569187186989
0.409 1.97525541968587 1.33993759148452 3.12055697249373 0.382992628896424
0.41 1.97837285818073 1.34031530464103 3.11432209550403 0.372437202583419
0.411 1.98148406802931 1.34068247291961 3.10809967580685 0.361902866026255
0.412 1.98458906167647 1.34103911738895 3.10188968851253 0.351389577087571
0.413 1.98768785154219 1.34138525907564 3.0956921087811 0.340897293714196
0.414 1.99078045002162 1.34172091896424 3.08950691182223 0.330425973936985
0.415 1.99386686948518 1.34204611799741 3.08333407289512 0.319975575870643
0.416 1.99694712227853 1.34236087707595 3.07717356730842 0.309546057713565
0.417 2.00002122072269 1.3426652170589 3.07102537042009 0.299137377747663
0.418 2.00308917711407 1.34295915876363 3.06488945763734 0.288749494338204
0.419 2.00615100372449 1.34324272296591 3.0587658044165 0.278382365933642
0.42 2.00920671280126 1.34351593040001 3.05265438626296 0.268035951065448
0.421 2.01225631656722 1.34377880175876 3.04655517873103 0.257710208347948
0.422 2.01529982722079 1.34403135769366 3.04046815742389 0.247405096478159
0.423 2.01833725693603 1.34427361881493 3.03439329799342 0.23712057423562
0.424 2.02136861786264 1.34450560569162 3.0283305761402 0.226856600482225
0.425 2.02439392212608 1.3447273388517 3.02227996761331 0.21661313416207
0.426 2.02741318182757 1.3449388387821 3.01624144821033 0.206390134301274
0.427 2.03042640904416 1.34514012592882 3.01021499377716 0.196187560007822
0.428 2.03343361582875 1.34533122069703 3.00420058020798 0.186005370471405
0.429 2.03643481421018 1.34551214345111 2.99819818344512 0.175843524963253
0.43 2.03943001619324 1.34568291451475 2.992207779479 0.165701982835968
0.431 2.04241923375875 1.34584355417105 2.98622934434799 0.155580703523368
0.432 2.04540247886357 1.34599408266257 2.98026285413833 0.145479646540323
0.433 2.04837976344071 1.34613452019144 2.97430828498406 0.135398771482591
0.434 2.05135109939929 1.34626488691941 2.9683656130669 0.125338038026659
0.435 2.05431649862466 1.34638520296794 2.96243481461615 0.115297405929581
0.436 2.05727597297843 1.34649548841833 2.95651586590861 0.105276835028812
0.437 2.0602295342985 1.34659576331171 2.95060874326847 0.0952762852420577
0.438 2.06317719439912 1.34668604764918 2.94471342306724 0.0852957165671038
0.439 2.06611896507092 1.3467663613919 2.93882988172363 0.0753350890816646
0.44 2.069054858081 1.34683672446113 2.93295809570347 0.0653943629432145
0.441 2.07198488517294 1.34689715673832 2.9270980415196 0.0554734983888379
0.442 2.07490905806684 1.3469476780652 2.92124969573179 0.0455724557350612
0.443 2.0778273884594 1.34698830824388 2.91541303494667 0.0356911953777015
0.444 2.08073988802395 1.34701906703688 2.90958803581757 0.0258296777917044
0.445 2.08364656841049 1.34703997416724 2.9037746750445 0.0159878635309862
0.446 2.08654744124574 1.3470510493186 2.89797292937399 0.00616571322827664
0.447 2.0894425181332 1.34705231213525 2.89218277559907 -0.00363681240503855
0.448 2.09233181065318 1.34704378222227 2.88640419055911 -0.0134197525790745
0.449 2.09521533036286 1.34702547914554 2.88063715113975 -0.0231831464256054
0.45 2.09809308879631 1.34699742243185 2.87488163427285 -0.0329270329982192
0.451 2.10096509746458 1.34695963156897 2.86913761693631 -0.0426514512724765
0.452 2.1038313678557 1.34691212600577 2.86340507615407 -0.0523564401460614
0.453 2.10669191143476 1.34685492515221 2.85768398899595 -0.0620420384389444
0.454 2.10954673964394 1.3467880483795 2.85197433257759 -0.0717082848935293
0.455 2.11239586390255 1.34671151502014 2.84627608406037 -0.0813552181748172
0.456 2.1152392956071 1.34662534436801 2.84058922065128 -0.0909828768705525
0.457 2.11807704613131 1.34652955567843 2.83491371960286 -0.100591299491383
0.458 2.12090912682619 1.34642416816824 2.8292495582131 -0.110180524471013
0.459 2.12373554902007 1.34630920101591 2.82359671382534 -0.119750590166354
0.46 2.12655632401864 1.34618467336158 2.8179551638282 -0.129301534857682
0.461 2.129371463105 1.34605060430713 2.81232488565548 -0.138833396748788
0.462 2.13218097753972 1.3459070129163 2.80670585678604 -0.148346213967133
0.463 2.13498487856085 1.34575391821474 2.80109805474378 -0.157840024563999
0.464 2.137783177384 1.34559133919005 2.79550145709747 -0.16731486651464
0.465 2.14057588520238 1.34541929479195 2.78991604146072 -0.176770777718437
0.466 2.14336301318681 1.34523780393226 2.78434178549185 -0.186207795999047
0.467 2.14614457248582 1.34504688548501 2.77877866689384 -0.195625959104555
0.468 2.14892057422564 1.34484655828655 2.7732266634142 -0.205025304707628
0.469 2.15169102951028 1.34463684113556 2.76768575284491 -0.214405870405661
0.47 2.15445594942158 1.3444177527932 2.76215591302232 -0.223767693720926
0.471 2.1572153450192 1.3441893119831 2.75663712182707 -0.233110812100731
0.472 2.15996922734075 1.34395153739152 2.75112935718398 -0.242435262917563
0.473 2.16271760740174 1.34370444766735 2.74563259706199 -0.251741083469237
0.474 2.16546049619572 1.34344806142226 2.74014681947404 -0.261028310979046
0.475 2.16819790469422 1.34318239723069 2.73467200247703 -0.270296982595914
0.476 2.1709298438469 1.34290747363 2.72920812417168 -0.27954713539454
0.477 2.17365632458151 1.34262330912051 2.72375516270246 -0.288778806375546
0.478 2.17637735780398 1.34232992216555 2.71831309625752 -0.29799203246563
0.479 2.17909295439844 1.34202733119159 2.71288190306859 -0.307186850517707
0.48 2.18180312522729 1.34171555458827 2.70746156141089 -0.316363297311063
0.481 2.18450788113121 1.34139461070848 2.70205204960305 -0.325521409551497
0.482 2.18720723292924 1.34106451786847 2.696653346007 -0.334661223871469
0.483 2.18990119141877 1.34072529434786 2.69126542902794 -0.34378277683025
0.484 2.19258976737565 1.34037695838977 2.68588827711418 -0.352886104914063
0.485 2.19527297155418 1.34001952820085 2.68052186875711 -0.361971244536233
0.486 2.19795081468719 1.3396530219514 2.6751661824911 -0.37103823203733
0.487 2.20062330748605 1.33927745777539 2.66982119689337 -0.380087103685318
0.488 2.20329046064074 1.33889285377058 2.664486890584 -0.389117895675692
0.489 2.20595228481987 1.33849922799855 2.65916324222574 -0.398130644131636
0.49 2.20860879067074 1.33809659848481 2.65385023052399 -0.407125385104154
0.491 2.21125998881939 1.33768498321885 2.64854783422671 -0.416102154572221
0.492 2.21390588987059 1.3372644001542 2.64325603212429 -0.425060988442929
0.493 2.21654650440798 1.33683486720855 2.63797480304952 -0.434001922551622
0.494 2.21918184299399 1.33639640226376 2.63270412587749 -0.442924992662053
0.495 2.22181191617 1.33594902316599 2.62744397952547 -0.45183023446651
0.496 2.2244367344563 1.33549274772572 2.62219434295287 -0.460717683585975
0.497 2.22705630835217 1.33502759371786 2.61695519516114 -0.469587375570255
0.498 2.2296706483359 1.3345535788818 2.61172651519368 -0.47843934589813
0.499 2.23227976486486 1.33407072092148 2.60650828213576 -0.487273629977492
0.5 2.23488366837552 1.33357903750548 2.60130047511444 -0.496090263145492
0.501 2.23748236928349 1.33307854626707 2.5961030732985 -0.504889280668672
0.502 2.24007587798358 1.33256926480429 2.59091605589831 -0.513670717743115
0.503 2.24266420484984 1.33205121068002 2.58573940216579 -0.52243460949458
0.504 2.24524736023557 1.33152440142206 2.58057309139434 -0.531180990978647
0.505 2.24782535447339 1.33098885452316 2.57541710291869 -0.539909897180852
0.506 2.2503981978753 1.33044458744115 2.57027141611488 -0.548621363016832
0.507 2.25296590073265 1.32989161759897 2.56513601040017 -0.557315423332463
0.508 2.25552847331628 1.32932996238473 2.56001086523292 -0.565992112903997
0.509 2.25808592587647 1.32875963915184 2.55489596011254 -0.574651466438204
0.51 2.26063826864303 1.32818066521899 2.54979127457941 -0.58329351857251
0.511 2.26318551182535 1.3275930578703 2.54469678821478 -0.591918303875134
0.512 2.26572766561239 1.32699683435535 2.53961248064069 -0.600525856845229
0.513 2.26826474017278 1.32639201188924 2.53453833151991 -0.60911621191302
0.514 2.27079674565482 1.3257786076527 2.52947432055584 -0.617689403439936
0.515 2.27332369218653 1.32515663879211 2.52442042749242 -0.626245465718757
0.516 2.2758455898757 1.32452612241961 2.51937663211408 -0.634784432973742
0.517 2.27836244880992 1.32388707561312 2.51434291424563 -0.643306339360772
0.518 2.28087427905665 1.32323951541648 2.50931925375218 -0.651811218967485
0.519 2.28338109066319 1.32258345883944 2.5043056305391 -0.660299105813408
0.52 2.2858828936568 1.32191892285779 2.49930202455188 -0.668770033850103
0.521 2.28837969804469 1.32124592441338 2.49430841577609 -0.67722403696129
0.522 2.2908715138141 1.32056448041423 2.48932478423728 -0.685661148962994
0.523 2.29335835093227 1.31987460773457 2.48435111000094 -0.694081403603677
0.524 2.29584021934657 1.31917632321492 2.47938737317234 -0.702484834564365
0.525 2.29831712898447 1.31846964366213 2.47443355389655 -0.710871475458796
0.526 2.30078908975361 1.31775458584951 2.46948963235826 -0.719241359833542
0.527 2.30325611154184 1.31703116651681 2.4645555887818 -0.727594521168154
0.528 2.30571820421724 1.31629940237038 2.45963140343099 -0.735930992875287
0.529 2.30817537762821 1.31555931008315 2.45471705660906 -0.744250808300839
0.53 2.31062764160342 1.31481090629478 2.44981252865864 -0.752554000724083
0.531 2.31307500595194 1.31405420761164 2.44491779996159 -0.7608406033578
0.532 2.31551748046323 1.31328923060694 2.44003285093901 -0.769110649348413
0.533 2.3179550749072 1.31251599182079 2.43515766205108 -0.777364171776114
0.534 2.32038779903421 1.31173450776024 2.43029221379705 -0.785601203655006
0.535 2.32281566257518 1.31094479489935 2.42543648671511 -0.793821777933227
0.536 2.32523867524156 1.31014686967928 2.42059046138236 -0.802025927493084
0.537 2.3276568467254 1.30934074850833 2.41575411841467 -0.810213685151187
0.538 2.33007018669939 1.30852644776202 2.41092743846669 -0.818385083658578
0.539 2.3324787048169 1.30770398378317 2.40611040223167 -0.826540155700862
0.54 2.33488241071201 1.3068733728819 2.40130299044146 -0.834678933898337
0.541 2.33728131399952 1.3060346313358 2.39650518386643 -0.842801450806126
0.542 2.33967542427508 1.30518777538989 2.39171696331532 -0.85090773891431
0.543 2.34206475111511 1.30433282125676 2.38693830963525 -0.85899783064805
0.544 2.34444930407693 1.3034697851166 2.38216920371161 -0.867071758367726
0.545 2.34682909269876 1.30259868311726 2.37740962646795 -0.875129554369058
0.546 2.34920412649975 1.30171953137435 2.37265955886597 -0.883171250883239
0.547 2.35157441498004 1.30083234597127 2.36791898190539 -0.89119688007707
0.548 2.35393996762079 1.29993714295927 2.3631878766239 -0.899206474053075
0.549 2.35630079388421 1.29903393835756 2.35846622409706 -0.907200064849642
0.55 2.3586569032136 1.29812274815331 2.35375400543827 -0.915177684441145
0.551 2.36100830503342 1.29720358830177 2.34905120179863 -0.923139364738073
0.552 2.36335500874927 1.29627647472631 2.34435779436693 -0.931085137587156
0.553 2.36569702374797 1.29534142331848 2.33967376436954 -0.939015034771499
0.554 2.36803435939758 1.29439844993808 2.33499909307033 -0.946929088010699
0.555 2.37036702504744 1.29344757041323 2.3303337617706 -0.954827328960981
0.556 2.37269503002823 1.29248880054039 2.32567775180902 -0.962709789215318
0.557 2.37501838365196 1.29152215608452 2.32103104456155 -0.970576500303562
0.558 2.37733709521206 1.29054765277902 2.31639362144135 -0.978427493692568
0.559 2.37965117398337 1.2895653063259 2.31176546389873 -0.986262800786321
0.56 2.38196062922221 1.28857513239576 2.30714655342105 -0.994082452926058
0.561 2.38426547016641 1.28757714662793 2.30253687153266 -1.0018864813904
0.562 2.38656570603533 1.28657136463047 2.29793639979482 -1.00967491739547
0.563 2.38886134602991 1.28555780198024 2.29334511980565 -1.01744779209502
0.564 2.39115239933273 1.28453647422302 2.28876301320001 -1.02520513658056
0.565 2.393438875108 1.28350739687348 2.28419006164948 -1.03294698188149
0.566 2.39572078250162 1.28247058541532 2.27962624686224 -1.04067335896518
0.567 2.39799813064123 1.28142605530132 2.27507155058302 -1.04838429873716
0.568 2.40027092863621 1.28037382195334 2.27052595459305 -1.05607983204121
0.569 2.40253918557778 1.27931390076246 2.26598944070991 -1.06375998965946
0.57 2.40480291053895 1.27824630708901 2.26146199078757 -1.07142480231255
0.571 2.40706211257464 1.27717105626261 2.2569435867162 -1.07907430065974
0.572 2.40931680072165 1.27608816358226 2.25243421042218 -1.08670851529904
0.573 2.41156698399873 1.2749976443164 2.24793384386802 -1.09432747676732
0.574 2.41381267140663 1.27389951370295 2.24344246905222 -1.10193121554044
0.575 2.41605387192809 1.27279378694941 2.23896006800929 -1.10951976203335
0.576 2.41829059452793 1.27168047923286 2.23448662280962 -1.11709314660025
0.577 2.42052284815303 1.27055960570008 2.23002211555942 -1.1246513995347
0.578 2.42275064173241 1.26943118146759 2.22556652840066 -1.13219455106971
0.579 2.42497398417725 1.26829522162169 2.22111984351097 -1.1397226313779
0.58 2.42719288438092 1.26715174121854 2.21668204310363 -1.14723567057161
0.581 2.42940735121903 1.26600075528423 2.21225310942741 -1.15473369870299
0.582 2.43161739354945 1.26484227881482 2.20783302476657 -1.16221674576418
0.583 2.43382302021235 1.26367632677641 2.20342177144078 -1.16968484168736
0.584 2.43602424003023 1.2625029141052 2.19901933180502 -1.17713801634494
0.585 2.43822106180798 1.26132205570754 2.19462568824951 -1.18457629954961
0.586 2.4404134943329 1.26013376646 2.19024082319968 -1.19199972105454
0.587 2.4426015463747 1.25893806120943 2.18586471911607 -1.1994083105534
0.588 2.44478522668561 1.25773495477302 2.18149735849425 -1.20680209768057
0.589 2.44696454400035 1.25652446193834 2.17713872386477 -1.21418111201121
0.59 2.4491395070362 1.25530659746342 2.17278879779308 -1.22154538306138
0.591 2.45131012449299 1.25408137607682 2.16844756287949 -1.22889494028817
0.592 2.45347640505322 1.25284881247765 2.16411500175904 -1.23622981308984
0.593 2.455638357382 1.25160892133567 2.15979109710148 -1.24355003080587
0.594 2.45779599012714 1.25036171729131 2.15547583161119 -1.25085562271715
0.595 2.45994931191919 1.24910721495576 2.1511691880271 -1.25814661804606
0.596 2.46209833137142 1.24784542891102 2.14687114912263 -1.26542304595658
0.597 2.46424305707993 1.24657637370995 2.14258169770561 -1.27268493555444
0.598 2.46638349762361 1.24530006387634 2.13830081661825 -1.2799323158872
0.599 2.46851966156424 1.24401651390494 2.13402848873701 -1.2871652159444
0.6 2.47065155744646 1.24272573826156 2.12976469697256 -1.29438366465765
0.601 2.47277919379787 1.24142775138311 2.12550942426974 -1.30158769090075
0.602 2.47490257912901 1.24012256767764 2.12126265360745 -1.30877732348982
0.603 2.47702172193343 1.23881020152443 2.11702436799861 -1.31595259118339
0.604 2.47913663068771 1.23749066727401 2.11279455049006 -1.32311352268255
0.605 2.48124731385147 1.23616397924825 2.10857318416253 -1.33026014663102
0.606 2.48335377986746 1.2348301517404 2.10436025213055 -1.33739249161533
0.607 2.48545603716155 1.23348919901516 2.10015573754238 -1.34451058616485
0.608 2.48755409414276 1.23214113530872 2.09595962357996 -1.35161445875198
0.609 2.48964795920332 1.23078597482884 2.09177189345883 -1.35870413779221
0.61 2.4917376407187 1.22942373175487 2.08759253042807 -1.36577965164427
0.611 2.49382314704763 1.22805442023784 2.08342151777021 -1.37284102861022
0.612 2.49590448653214 1.22667805440053 2.07925883880119 -1.37988829693558
0.613 2.49798166749758 1.22529464833746 2.07510447687031 -1.38692148480944
0.614 2.50005469825269 1.22390421611501 2.0709584153601 -1.39394062036456
0.615 2.50212358708958 1.22250677177147 2.06682063768631 -1.40094573167748
0.616 2.50418834228382 1.22110232931706 2.06269112729783 -1.40793684676866
0.617 2.50624897209443 1.21969090273402 2.05856986767661 -1.41491399360257
0.618 2.50830548476394 1.21827250597664 2.0544568423376 -1.42187720008782
0.619 2.51035788851838 1.21684715297134 2.05035203482871 -1.42882649407722
0.62 2.5124061915674 1.21541485761672 2.04625542873068 -1.43576190336797
0.621 2.51445040210419 1.21397563378359 2.0421670076571 -1.44268345570172
0.622 2.5164905283056 1.21252949531507 2.03808675525427 -1.44959117876468
0.623 2.51852657833214 1.21107645602661 2.03401465520119 -1.45648510018775
0.624 2.52055856032802 1.20961652970605 2.02995069120943 -1.46336524754663
0.625 2.52258648242116 1.2081497301137 2.02589484702315 -1.47023164836193
0.626 2.52461035272326 1.20667607098235 2.02184710641895 -1.47708433009924
0.627 2.5266301793298 1.20519556601739 2.01780745320588 -1.48392332016931
0.628 2.52864597032009 1.20370822889678 2.01377587122531 -1.4907486459281
0.629 2.53065773375729 1.2022140732712 2.0097523443509 -1.49756033467693
0.63 2.53266547768846 1.20071311276402 2.00573685648856 -1.50435841366257
0.631 2.53466921014458 1.1992053609714 2.00172939157632 -1.51114291007733
0.632 2.53666893914058 1.19769083146234 1.99772993358431 -1.51791385105921
0.633 2.53866467267539 1.19616953777873 1.9937384665147 -1.52467126369199
0.634 2.54065641873193 1.1946414934354 1.98975497440161 -1.53141517500532
0.635 2.5426441852772 1.19310671192017 1.98577944131108 -1.53814561197486
0.636 2.54462798026226 1.19156520669392 1.98181185134096 -1.54486260152237
0.637 2.5466078116223 1.19001699119064 1.97785218862088 -1.55156617051581
0.638 2.54858368727664 1.18846207881747 1.9739004373122 -1.55825634576946
0.639 2.55055561512879 1.18690048295476 1.9699565816079 -1.56493315404405
0.64 2.55252360306646 1.18533221695614 1.96602060573255 -1.5715966220468
0.641 2.55448765896162 1.18375729414854 1.96209249394225 -1.5782467764316
0.642 2.55644779067047 1.18217572783228 1.95817223052453 -1.58488364379909
0.643 2.55840400603356 1.1805875312811 1.95425979979835 -1.59150725069672
0.644 2.56035631287575 1.17899271774221 1.95035518611398 -1.59811762361895
0.645 2.56230471900626 1.17739130043637 1.94645837385295 -1.60471478900727
0.646 2.56424923221873 1.17578329255791 1.94256934742801 -1.61129877325035
0.647 2.56618986029121 1.1741687072748 1.93868809128305 -1.61786960268414
0.648 2.56812661098622 1.17254755772871 1.93481458989304 -1.62442730359196
0.649 2.57005949205075 1.17091985703505 1.93094882776397 -1.63097190220463
0.65 2.57198851121634 1.16928561828301 1.92709078943279 -1.63750342470055
0.651 2.57391367619907 1.16764485453565 1.92324045946733 -1.64402189720582
0.652 2.5758349946996 1.1659975788299 1.91939782246628 -1.65052734579434
0.653 2.5777524744032 1.16434380417669 1.91556286305907 -1.65701979648791
0.654 2.5796661229798 1.1626835435609 1.91173556590587 -1.66349927525634
0.655 2.58157594808399 1.16101680994151 1.90791591569748 -1.66996580801755
0.656 2.58348195735508 1.15934361625158 1.90410389715531 -1.67641942063769
0.657 2.58538415841711 1.15766397539834 1.90029949503125 -1.68286013893122
0.658 2.58728255887888 1.15597790026324 1.89650269410771 -1.68928798866101
0.659 2.589177166334 1.15428540370197 1.89271347919748 -1.69570299553847
0.66 2.59106798836089 1.15258649854456 1.88893183514369 -1.70210518522365
0.661 2.59295503252286 1.15088119759538 1.88515774681975 -1.7084945833253
0.662 2.59483830636808 1.14916951363325 1.88139119912932 -1.71487121540103
0.663 2.59671781742964 1.14745145941142 1.87763217700619 -1.72123510695737
0.664 2.5985935732256 1.14572704765769 1.87388066541427 -1.72758628344991
0.665 2.60046558125898 1.14399629107441 1.87013664934752 -1.73392477028335
0.666 2.60233384901781 1.14225920233856 1.86640011382985 -1.74025059281164
0.667 2.60419838397517 1.14051579410178 1.86267104391513 -1.7465637763381
0.668 2.6060591935892 1.13876607899046 1.85894942468707 -1.75286434611546
0.669 2.60791628530315 1.13701006960574 1.85523524125918 -1.759152327346
0.67 2.60976966654537 1.13524777852357 1.85152847877474 -1.76542774518167
0.671 2.6116193447294 1.1334792182948 1.84782912240667 -1.77169062472414
0.672 2.61346532725396 1.1317044014452 1.84413715735756 -1.77794099102493
0.673 2.61530762150297 1.1299233404755 1.84045256885954 -1.78417886908553
0.674 2.61714623484561 1.12813604786146 1.83677534217425 -1.79040428385745
0.675 2.61898117463635 1.12634253605391 1.83310546259278 -1.79661726024236
0.676 2.62081244821494 1.12454281747882 1.8294429154356 -1.80281782309217
0.677 2.62264006290648 1.1227369045373 1.82578768605252 -1.80900599720914
0.678 2.62446402602143 1.12092480960573 1.82213975982262 -1.81518180734598
0.679 2.62628434485564 1.1191065450357 1.81849912215419 -1.82134527820594
0.68 2.6281010266904 1.11728212315419 1.81486575848467 -1.82749643444291
0.681 2.62991407879243 1.11545155626349 1.81123965428061 -1.83363530066151
0.682 2.63172350841395 1.11361485664135 1.80762079503758 -1.83976190141723
0.683 2.63352932279267 1.11177203654098 1.80400916628013 -1.84587626121648
0.684 2.63533152915186 1.10992310819108 1.80040475356176 -1.8519784045167
0.685 2.63713013470033 1.10806808379597 1.79680754246481 -1.85806835572647
0.686 2.63892514663253 1.10620697553554 1.79321751860042 -1.86414613920561
0.687 2.64071657212849 1.10433979556537 1.78963466760849 -1.87021177926526
0.688000000000001 2.64250441835393 1.10246655601673 1.78605897515762 -1.87626530016799
0.689000000000001 2.64428869246022 1.10058726899668 1.78249042694504 -1.88230672612789
0.690000000000001 2.64606940158447 1.09870194658806 1.77892900869653 -1.88833608131066
0.691000000000001 2.64784655284952 1.09681060084961 1.77537470616644 -1.89435338983375
0.692000000000001 2.64962015336397 1.09491324381593 1.77182750513753 -1.90035867576639
0.693000000000001 2.65139021022223 1.0930098874976 1.76828739142101 -1.90635196312973
0.694000000000001 2.65315673050453 1.0911005438812 1.76475435085642 -1.91233327589693
0.695000000000001 2.65491972127695 1.08918522492936 1.76122836931157 -1.91830263799325
0.696000000000001 2.65667918959146 1.08726394258081 1.75770943268256 -1.92426007329615
0.697000000000001 2.65843514248593 1.08533670875042 1.75419752689362 -1.93020560563538
0.698000000000001 2.66018758698418 1.08340353532927 1.75069263789712 -1.93613925879306
0.699000000000001 2.66193653009598 1.08146443418465 1.74719475167352 -1.94206105650383
0.700000000000001 2.66368197881712 1.07951941716018 1.74370385423124 -1.94797102245489
0.701000000000001 2.66542394012938 1.07756849607578 1.74021993160671 -1.95386918028609
0.702000000000001 2.66716242100062 1.07561168272778 1.73674296986423 -1.95975555359009
0.703000000000001 2.66889742838477 1.07364898888893 1.73327295509594 -1.96563016591239
0.704000000000001 2.67062896922185 1.07168042630845 1.72980987342178 -1.97149304075143
0.705000000000001 2.67235705043802 1.0697060067121 1.72635371098943 -1.97734420155873
0.706000000000001 2.67408167894563 1.06772574180221 1.72290445397421 -1.98318367173895
0.707000000000001 2.67580286164318 1.06573964325771 1.71946208857912 -1.98901147464996
0.708000000000001 2.67752060541541 1.06374772273423 1.71602660103466 -1.99482763360298
0.709000000000001 2.67923491713328 1.06174999186407 1.71259797759891 -2.00063217186267
0.710000000000001 2.68094580365407 1.05974646225633 1.70917620455734 -2.00642511264718
0.711000000000001 2.6826532718213 1.05773714549688 1.70576126822287 -2.01220647912829
0.712000000000001 2.68435732846486 1.05572205314846 1.70235315493575 -2.01797629443145
0.713000000000001 2.68605798040098 1.05370119675071 1.69895185106352 -2.02373458163596
0.714000000000001 2.68775523443226 1.05167458782021 1.69555734300096 -2.02948136377495
0.715000000000001 2.68944909734772 1.04964223785052 1.69216961717003 -2.03521666383558
0.716000000000001 2.69113957592283 1.04760415831225 1.68878866001982 -2.04094050475903
0.717000000000001 2.69282667691948 1.04556036065308 1.68541445802651 -2.0466529094407
0.718000000000001 2.6945104070861 1.04351085629783 1.68204699769328 -2.0523539007302
0.719000000000001 2.6961907731576 1.04145565664849 1.67868626555028 -2.0580435014315
0.720000000000001 2.69786778185545 1.03939477308425 1.67533224815458 -2.06372173430302
0.721000000000001 2.69954143988768 1.03732821696158 1.67198493209011 -2.0693886220577
0.722000000000001 2.70121175394894 1.03525599961428 1.66864430396759 -2.07504418736309
0.723000000000001 2.70287873072048 1.03317813235347 1.66531035042452 -2.08068845284147
0.724000000000001 2.7045423768702 1.03109462646768 1.66198305812507 -2.08632144106989
0.725000000000001 2.70620269905271 1.0290054932229 1.65866241376006 -2.09194317458033
0.726000000000001 2.70785970390928 1.0269107438626 1.65534840404693 -2.09755367585972
0.727000000000001 2.70951339806793 1.02481038960778 1.65204101572961 -2.10315296735008
0.728000000000001 2.71116378814346 1.02270444165703 1.64874023557856 -2.10874107144858
0.729000000000001 2.71281088073741 1.02059291118656 1.64544605039066 -2.11431801050765
0.730000000000001 2.71445468243817 1.01847580935025 1.64215844698914 -2.11988380683504
0.731000000000001 2.71609519982093 1.01635314727971 1.63887741222361 -2.12543848269395
0.732000000000001 2.71773243944778 1.01422493608428 1.63560293296991 -2.1309820603031
0.733000000000001 2.71936640786768 1.01209118685113 1.63233499613012 -2.13651456183679
0.734000000000001 2.72099711161649 1.00995191064526 1.62907358863249 -2.14203600942505
0.735000000000001 2.72262455721704 1.00780711850956 1.62581869743139 -2.14754642515366
0.736000000000001 2.72424875117911 1.00565682146489 1.62257030950725 -2.15304583106431
0.737000000000001 2.72586969999948 1.00350103051004 1.61932841186651 -2.15853424915462
0.738000000000001 2.72748741016195 1.00133975662187 1.61609299154157 -2.16401170137827
0.739000000000001 2.72910188813736 0.999173010755271 1.61286403559076 -2.16947820964507
0.740000000000001 2.73071314038362 0.997000803843274 1.60964153109824 -2.17493379582108
0.741000000000001 2.73232117334574 0.994823146797051 1.60642546517399 -2.18037848172863
0.742000000000001 2.73392599345587 0.992640050505979 1.60321582495374 -2.18581228914649
0.743000000000001 2.73552760713327 0.990451525837676 1.60001259759893 -2.19123523980988
0.744000000000001 2.73712602078442 0.988257583638047 1.59681577029665 -2.19664735541063
0.745000000000001 2.73872124080295 0.986058234731326 1.59362533025957 -2.20204865759718
0.746000000000001 2.74031327356977 0.983853489920122 1.59044126472594 -2.20743916797477
0.747000000000001 2.74190212545299 0.981643359985458 1.58726356095949 -2.21281890810545
0.748000000000001 2.74348780280804 0.979427855686819 1.5840922062494 -2.21818789950817
0.749000000000001 2.74507031197762 0.977206987762192 1.58092718791024 -2.22354616365892
0.750000000000001 2.74664965929176 0.974980766928108 1.57776849328195 -2.22889372199075
0.751000000000001 2.74822585106787 0.972749203879685 1.57461610972973 -2.2342305958939
0.752000000000001 2.74979889361071 0.970512309290679 1.57147002464405 -2.23955680671589
0.753000000000001 2.75136879321245 0.968270093813513 1.56833022544057 -2.24487237576156
0.754000000000001 2.7529355561527 0.966022568079327 1.56519669956008 -2.25017732429319
0.755000000000001 2.7544991886985 0.963769742698023 1.56206943446847 -2.25547167353058
0.756000000000001 2.7560596971044 0.961511628258305 1.55894841765668 -2.26075544465114
0.757000000000001 2.75761708761241 0.959248235327715 1.55583363664065 -2.26602865878996
0.758000000000001 2.75917136645212 0.956979574452687 1.55272507896123 -2.27129133703991
0.759000000000001 2.76072253984064 0.95470565615858 1.5496227321842 -2.27654350045169
0.760000000000001 2.76227061398266 0.952426490949726 1.54652658390016 -2.28178517003398
0.761000000000001 2.76381559507047 0.950142089309466 1.54343662172453 -2.28701636675347
0.762000000000001 2.76535748928402 0.947852461700198 1.54035283329743 -2.29223711153493
0.763000000000001 2.76689630279087 0.945557618563414 1.53727520628373 -2.29744742526136
0.764000000000001 2.76843204174629 0.943257570319747 1.5342037283729 -2.30264732877402
0.765000000000001 2.76996471229322 0.940952327369004 1.53113838727903 -2.30783684287254
0.766000000000001 2.77149432056237 0.938641900090219 1.52807917074075 -2.31301598831497
0.767000000000001 2.77302087267215 0.936326298841687 1.52502606652119 -2.31818478581791
0.768000000000001 2.77454437472878 0.934005533961005 1.52197906240792 -2.32334325605654
0.769000000000001 2.77606483282627 0.931679615765116 1.51893814621294 -2.32849141966477
0.770000000000001 2.77758225304645 0.929348554550353 1.51590330577257 -2.33362929723524
0.771000000000001 2.77909664145902 0.927012360592475 1.51287452894744 -2.33875690931948
0.772000000000001 2.78060800412151 0.924671044146706 1.50985180362245 -2.34387427642794
0.773000000000001 2.7821163470794 0.922324615447787 1.50683511770668 -2.34898141903011
0.774000000000001 2.78362167636604 0.919973084710004 1.50382445913339 -2.35407835755454
0.775000000000001 2.78512399800276 0.91761646212724 1.50081981585995 -2.35916511238901
0.776000000000001 2.78662331799885 0.915254757873007 1.49782117586777 -2.36424170388055
0.777000000000001 2.7881196423516 0.912887982100491 1.49482852716229 -2.36930815233552
0.778000000000001 2.78961297704628 0.910516144942593 1.49184185777291 -2.37436447801972
0.779000000000001 2.79110332805626 0.908139256511966 1.48886115575295 -2.37941070115847
0.780000000000001 2.79259070134294 0.905757326901063 1.4858864091796 -2.38444684193666
0.781000000000001 2.79407510285581 0.903370366182165 1.48291760615387 -2.38947292049886
0.782000000000001 2.79555653853247 0.900978384407435 1.47995473480053 -2.3944889569494
0.783000000000001 2.79703501429868 0.898581391608948 1.47699778326812 -2.39949497135243
0.784000000000001 2.79851053606834 0.896179397798737 1.4740467397288 -2.40449098373201
0.785000000000001 2.79998310974353 0.89377241296883 1.47110159237841 -2.40947701407219
0.786000000000001 2.80145274121456 0.89136044709129 1.46816232943635 -2.41445308231711
0.787000000000001 2.80291943635996 0.888943510118259 1.46522893914556 -2.41941920837105
0.788000000000001 2.80438320104649 0.88652161198199 1.46230140977249 -2.42437541209851
0.789000000000001 2.80584404112924 0.884094762594896 1.459379729607 -2.42932171332432
0.790000000000001 2.80730196245155 0.88166297184958 1.45646388696238 -2.43425813183369
0.791000000000001 2.80875697084511 0.879226249618885 1.45355387017525 -2.4391846873723
0.792000000000001 2.81020907212997 0.876784605755923 1.45064966760553 -2.44410139964638
0.793000000000001 2.81165827211452 0.874338050094124 1.44775126763643 -2.44900828832278
0.794000000000001 2.81310457659558 0.871886592447268 1.44485865867432 -2.45390537302907
0.795000000000001 2.81454799135835 0.869430242609526 1.44197182914877 -2.45879267335358
0.796000000000001 2.81598852217651 0.866969010355504 1.43909076751246 -2.46367020884554
0.797000000000001 2.81742617481217 0.864502905440276 1.43621546224115 -2.46853799901508
0.798000000000001 2.81886095501594 0.862031937599424 1.43334590183359 -2.47339606333338
0.799000000000001 2.82029286852696 0.859556116549081 1.43048207481155 -2.47824442123269
0.800000000000001 2.82172192107288 0.857075451985966 1.42762396971972 -2.48308309210647
0.801000000000001 2.8231481183699 0.854589953587424 1.42477157512568 -2.48791209530938
0.802000000000001 2.82457146612282 0.852099631011466 1.42192487961983 -2.49273145015746
0.803000000000001 2.82599197002504 0.849604493896801 1.4190838718154 -2.49754117592814
0.804000000000001 2.82740963575857 0.847104551862888 1.41624854034834 -2.50234129186031
0.805000000000001 2.82882446899407 0.84459981450996 1.41341887387734 -2.50713181715445
0.806000000000001 2.83023647539088 0.842090291419071 1.41059486108372 -2.51191277097267
0.807000000000001 2.83164566059703 0.839575992152132 1.40777649067142 -2.5166841724388
0.808000000000001 2.83305203024926 0.837056926251949 1.40496375136696 -2.52144604063843
0.809000000000001 2.83445558997305 0.83453310324226 1.40215663191938 -2.52619839461905
0.810000000000001 2.83585634538264 0.832004532627779 1.3993551211002 -2.53094125339009
0.811000000000001 2.83725430208106 0.829471223894227 1.39655920770337 -2.53567463592298
0.812000000000001 2.83864946566013 0.826933186508368 1.39376888054523 -2.54039856115127
0.813000000000001 2.8400418417005 0.82439042991806 1.39098412846447 -2.54511304797065
0.814000000000001 2.8414314357717 0.821842963552276 1.38820494032208 -2.54981811523909
0.815000000000001 2.84281825343209 0.819290796821158 1.3854313050013 -2.55451378177685
0.816000000000001 2.84420230022894 0.816733939116039 1.38266321140759 -2.55920006636661
0.817000000000001 2.84558358169846 0.814172399809492 1.37990064846856 -2.56387698775352
0.818000000000001 2.84696210336575 0.811606188255363 1.37714360513398 -2.56854456464526
0.819000000000001 2.84833787074492 0.80903531378881 1.37439207037565 -2.57320281571215
0.820000000000001 2.84971088933902 0.806459785726335 1.37164603318743 -2.5778517595872
0.821000000000001 2.85108116464015 0.803879613365832 1.36890548258517 -2.5824914148662
0.822000000000001 2.8524487021294 0.801294805986615 1.36617040760667 -2.58712180010776
0.823000000000001 2.85381350727693 0.798705372849455 1.36344079731162 -2.59174293383344
0.824000000000001 2.85517558554195 0.796111323196625 1.36071664078158 -2.59635483452778
0.825000000000001 2.85653494237278 0.793512666251928 1.35799792711992 -2.60095752063839
0.826000000000001 2.85789158320685 0.790909411220738 1.35528464545177 -2.60555101057601
0.827000000000001 2.85924551347073 0.788301567290041 1.35257678492402 -2.61013532271462
0.828000000000001 2.86059673858013 0.785689143628463 1.34987433470521 -2.61471047539146
0.829000000000001 2.86194526393997 0.783072149386312 1.34717728398553 -2.61927648690716
0.830000000000001 2.86329109494434 0.780450593695614 1.34448562197679 -2.62383337552576
0.831000000000001 2.86463423697657 0.77782448567015 1.34179933791233 -2.62838115947483
0.832000000000001 2.86597469540923 0.77519383440549 1.33911842104701 -2.63291985694551
0.833000000000001 2.86731247560416 0.772558648979033 1.33644286065716 -2.6374494860926
0.834000000000001 2.86864758291247 0.769918938450039 1.33377264604053 -2.64197006503461
0.835000000000001 2.8699800226746 0.767274711859671 1.33110776651627 -2.64648161185387
0.836000000000001 2.87130980022032 0.764625978231024 1.32844821142485 -2.65098414459658
0.837000000000001 2.87263692086872 0.761972746569166 1.32579397012804 -2.65547768127287
0.838000000000001 2.8739613899283 0.759315025861175 1.32314503200888 -2.65996223985688
0.839000000000001 2.87528321269693 0.75665282507617 1.32050138647162 -2.66443783828687
0.840000000000001 2.87660239446191 0.753986153165351 1.31786302294166 -2.66890449446524
0.841000000000001 2.87791894049996 0.751315019062035 1.31522993086555 -2.6733622262586
0.842000000000001 2.87923285607728 0.748639431681685 1.31260209971091 -2.6778110514979
0.843000000000001 2.88054414644952 0.745959399921957 1.30997951896643 -2.68225098797845
0.844000000000001 2.88185281686185 0.743274932662727 1.30736217814177 -2.68668205345999
0.845000000000001 2.88315887254896 0.740586038766128 1.30475006676756 -2.69110426566679
0.846000000000001 2.88446231873505 0.737892727076589 1.30214317439537 -2.69551764228771
0.847000000000001 2.88576316063394 0.735195006420864 1.2995414905976 -2.69992220097626
0.848000000000001 2.88706140344897 0.732492885608074 1.29694500496753 -2.70431795935068
0.849000000000001 2.88835705237313 0.729786373429739 1.29435370711921 -2.70870493499401
0.850000000000001 2.88965011258902 0.727075478659812 1.29176758668744 -2.71308314545416
0.851000000000001 2.89094058926887 0.72436021005472 1.28918663332775 -2.71745260824397
0.852000000000001 2.89222848757459 0.721640576353388 1.2866108367163 -2.72181334084131
0.853000000000001 2.89351381265778 0.718916586277287 1.28404018654992 -2.72616536068911
0.854000000000001 2.89479656965974 0.716188248530457 1.28147467254599 -2.73050868519545
0.855000000000001 2.8960767637115 0.713455571799551 1.27891428444247 -2.73484333173364
0.856000000000001 2.89735439993385 0.710718564753866 1.27635901199778 -2.73916931764227
0.857000000000001 2.89862948343731 0.707977236045376 1.27380884499085 -2.74348666022528
0.858000000000001 2.89990201932224 0.705231594308767 1.271263773221 -2.74779537675207
0.859000000000001 2.90117201267877 0.702481648161478 1.26872378650793 -2.75209548445749
0.860000000000001 2.90243946858689 0.699727406203726 1.2661888746917 -2.75638700054198
0.861000000000001 2.90370439211641 0.696968877018546 1.26365902763266 -2.76066994217162
0.862000000000001 2.90496678832703 0.694206069171823 1.26113423521141 -2.76494432647818
0.863000000000001 2.90622666226834 0.691438991212331 1.25861448732879 -2.76921017055919
0.864000000000001 2.90748401897984 0.688667651671758 1.25609977390579 -2.77346749147805
0.865000000000001 2.90873886349096 0.685892059064751 1.25359008488356 -2.77771630626404
0.866000000000001 2.90999120082106 0.683112221888942 1.25108541022335 -2.78195663191242
0.867000000000001 2.91124103597952 0.680328148624985 1.24858573990644 -2.7861884853845
0.868000000000001 2.91248837396566 0.67753984773659 1.24609106393416 -2.79041188360771
0.869000000000001 2.91373321976884 0.674747327670555 1.2436013723278 -2.79462684347564
0.870000000000001 2.91497557836845 0.671950596856803 1.24111665512858 -2.79883338184814
0.871000000000001 2.91621545473392 0.669149663708414 1.23863690239764 -2.80303151555136
0.872000000000001 2.91745285382476 0.666344536621658 1.23616210421596 -2.80722126137785
0.873000000000001 2.91868778059057 0.66353522397603 1.23369225068434 -2.81140263608659
0.874000000000001 2.91992023997105 0.660721734134282 1.23122733192337 -2.8155756564031
0.875000000000001 2.92115023689605 0.657904075442458 1.22876733807337 -2.81974033901945
0.876000000000001 2.92237777628556 0.655082256229924 1.22631225929436 -2.82389670059438
0.877000000000001 2.92360286304972 0.652256284809408 1.22386208576603 -2.82804475775335
0.878000000000001 2.9248255020889 0.649426169477024 1.22141680768767 -2.83218452708858
0.879000000000001 2.92604569829366 0.646591918512318 1.21897641527817 -2.83631602515917
0.880000000000001 2.92726345654476 0.643753540178285 1.21654089877595 -2.8404392684911
0.881000000000001 2.92847878171326 0.640911042721417 1.21411024843895 -2.84455427357737
0.882000000000001 2.92969167866045 0.638064434371725 1.21168445454457 -2.84866105687798
0.883000000000001 2.93090215223793 0.635213723342781 1.20926350738961 -2.85275963482009
0.884000000000001 2.93211020728759 0.632358917831739 1.2068473972903 -2.85685002379801
0.885000000000001 2.93331584864164 0.629500026019384 1.20443611458219 -2.8609322401733
0.886000000000001 2.93451908112266 0.626637056070151 1.20202964962015 -2.86500630027483
0.887000000000001 2.93571990954359 0.62377001613216 1.1996279927783 -2.86907222039885
0.888000000000001 2.93691833870773 0.620898914337257 1.19723113445002 -2.87313001680905
0.889000000000001 2.9381143734088 0.618023758801036 1.19483906504788 -2.87717970573661
0.890000000000001 2.93930801843094 0.615144557622878 1.19245177500359 -2.88122130338029
0.891000000000001 2.94049927854874 0.612261318885982 1.190069254768 -2.8852548259065
0.892000000000001 2.94168815852724 0.609374050657393 1.187691494811 -2.88928028944932
0.893000000000001 2.94287466312195 0.606482760988042 1.18531848562157 -2.89329771011062
0.894000000000001 2.9440587970789 0.603587457912775 1.18295021770767 -2.89730710396008
0.895000000000001 2.94524056513463 0.60068814945038 1.18058668159621 -2.90130848703529
0.896000000000001 2.94641997201621 0.597784843603626 1.17822786783305 -2.90530187534179
0.897000000000001 2.94759702244127 0.594877548359295 1.17587376698293 -2.90928728485312
0.898000000000001 2.94877172111801 0.591966271688205 1.17352436962945 -2.91326473151094
0.899000000000001 2.94994407274523 0.589051021545253 1.17117966637502 -2.91723423122504
0.900000000000001 2.95111408201233 0.586131805869443 1.16883964784081 -2.92119579987342
0.901000000000001 2.95228175359936 0.583208632583913 1.16650430466675 -2.92514945330236
0.902000000000001 2.95344709217701 0.580281509595973 1.16417362751146 -2.92909520732648
0.903000000000001 2.95461010240662 0.577350444797132 1.16184760705224 -2.9330330777288
0.904000000000001 2.95577078894024 0.574415446063139 1.15952623398499 -2.93696308026081
0.905000000000001 2.95692915642062 0.571476521253995 1.15720949902423 -2.94088523064252
0.906000000000001 2.95808520948124 0.568533678214007 1.154897392903 -2.94479954456255
0.907000000000001 2.95923895274629 0.565586924771804 1.15258990637289 -2.94870603767814
0.908000000000001 2.96039039083077 0.562636268740377 1.15028703020394 -2.95260472561529
0.909000000000001 2.96153952834042 0.559681717917101 1.14798875518464 -2.95649562396874
0.910000000000001 2.96268636987179 0.556723280083778 1.1456950721219 -2.96037874830209
0.911000000000001 2.96383092001226 0.55376096300666 1.14340597184097 -2.96425411414785
0.912000000000001 2.96497318334001 0.550794774436478 1.14112144518545 -2.96812173700749
0.913000000000001 2.96611316442412 0.547824722108483 1.13884148301723 -2.9719816323515
0.914000000000001 2.9672508678245 0.544850813742467 1.13656607621647 -2.97583381561947
0.915000000000001 2.96838629809198 0.541873057042799 1.13429521568152 -2.97967830222013
0.916000000000001 2.96951945976826 0.538891459698456 1.13202889232895 -2.98351510753144
0.917000000000001 2.97065035738601 0.53590602938305 1.12976709709346 -2.98734424690063
0.918000000000001 2.9717789954688 0.532916773754862 1.12750982092787 -2.99116573564426
0.919000000000001 2.97290537853121 0.529923700456874 1.12525705480306 -2.99497958904828
0.920000000000001 2.97402951107875 0.526926817116793 1.12300878970797 -2.99878582236812
0.921000000000001 2.97515139760797 0.523926131347091 1.12076501664954 -3.00258445082871
0.922000000000001 2.97627104260641 0.520921650745025 1.11852572665266 -3.00637548962458
0.923000000000001 2.97738845055264 0.517913382892675 1.11629091076019 -3.01015895391988
0.924000000000001 2.97850362591631 0.514901335356972 1.11406056003285 -3.01393485884848
0.925000000000001 2.97961657315812 0.511885515689731 1.11183466554923 -3.017703219514
0.926000000000001 2.98072729672986 0.508865931427675 1.10961321840576 -3.02146405098988
0.927000000000001 2.98183580107442 0.505842590092467 1.10739620971664 -3.02521736831947
0.928000000000001 2.98294209062582 0.502815499190747 1.10518363061383 -3.02896318651603
0.929000000000001 2.98404616980923 0.499784666214151 1.10297547224702 -3.03270152056284
0.930000000000001 2.98514804304095 0.496750098639352 1.10077172578358 -3.03643238541324
0.931000000000001 2.98624771472849 0.493711803928082 1.0985723824085 -3.0401557959907
0.932000000000001 2.98734518927053 0.490669789527163 1.09637743332442 -3.04387176718886
0.933000000000001 2.98844047105697 0.487624062868544 1.09418686975153 -3.04758031387162
0.934000000000001 2.98953356446895 0.484574631369314 1.09200068292758 -3.05128145087316
0.935000000000001 2.99062447387883 0.481521502431755 1.08981886410781 -3.05497519299804
0.936000000000001 2.99171320365026 0.478464683443351 1.08764140456496 -3.05866155502124
0.937000000000001 2.99279975813815 0.475404181776831 1.08546829558918 -3.0623405516882
0.938000000000001 2.99388414168873 0.472340004790188 1.08329952848802 -3.06601219771491
0.939000000000001 2.99496635863952 0.469272159826718 1.08113509458643 -3.06967650778797
0.940000000000001 2.99604641331941 0.466200654215044 1.07897498522665 -3.07333349656462
0.941000000000001 2.99712431004861 0.463125495269145 1.07681919176825 -3.07698317867282
0.942000000000001 2.99820005313871 0.460046690288388 1.07466770558806 -3.08062556871131
0.943000000000001 2.99927364689268 0.456964246557556 1.07252051808012 -3.08426068124964
0.944000000000001 3.0003450956049 0.453878171346875 1.07037762065568 -3.08788853082828
0.945000000000001 3.00141440356116 0.450788471912047 1.06823900474315 -3.09150913195863
0.946000000000001 3.0024815750387 0.447695155494279 1.06610466178807 -3.09512249912309
0.947000000000001 3.00354661430621 0.444598229320305 1.06397458325306 -3.09872864677515
0.948000000000001 3.00460952562384 0.441497700602425 1.06184876061779 -3.10232758933938
0.949000000000001 3.00567031324324 0.438393576538524 1.05972718537899 -3.10591934121158
0.950000000000001 3.00672898140757 0.435285864312109 1.05760984905034 -3.10950391675875
0.951000000000001 3.00778553435149 0.432174571092335 1.05549674316249 -3.1130813303192
0.952000000000001 3.00883997630122 0.42905970403403 1.05338785926303 -3.11665159620259
0.953000000000001 3.00989231147453 0.425941270277728 1.05128318891641 -3.12021472868999
0.954000000000001 3.01094254408077 0.422819276949697 1.04918272370394 -3.12377074203393
0.955000000000001 3.01199067832085 0.419693731161966 1.04708645522377 -3.12731965045847
0.956000000000001 3.01303671838733 0.416564640012354 1.04499437509081 -3.13086146815924
0.957000000000001 3.01408066846436 0.4134320105845 1.04290647493675 -3.13439620930353
0.958000000000001 3.01512253272775 0.410295849947886 1.04082274640998 -3.13792388803031
0.959000000000001 3.01616231534494 0.407156165157875 1.03874318117559 -3.14144451845028
0.960000000000001 3.01720002047509 0.404012963255727 1.0366677709153 -3.14495811464599
0.961000000000001 3.018235652269 0.400866251268639 1.03459650732748 -3.14846469067181
0.962000000000001 3.01926921486921 0.397716036209765 1.03252938212706 -3.15196426055406
0.963000000000001 3.02030071240996 0.394562325078246 1.03046638704556 -3.15545683829103
0.964000000000001 3.02133014901725 0.39140512485924 1.02840751383097 -3.15894243785301
0.965000000000001 3.02235752880883 0.38824444252395 1.02635275424781 -3.16242107318243
0.966000000000001 3.02338285589422 0.385080285029647 1.02430210007704 -3.16589275819383
0.967000000000001 3.02440613437472 0.381912659319705 1.02225554311603 -3.16935750677395
0.968000000000001 3.02542736834346 0.378741572323623 1.02021307517856 -3.17281533278178
0.969000000000001 3.02644656188536 0.375567030957055 1.01817468809475 -3.17626625004864
0.970000000000001 3.02746371907721 0.372389042121839 1.01614037371105 -3.17971027237821
0.971000000000001 3.02847884398764 0.36920761270602 1.0141101238902 -3.18314741354657
0.972000000000001 3.02949194067714 0.366022749583883 1.01208393051119 -3.1865776873023
0.973000000000001 3.03050301319811 0.362834459615978 1.01006178546926 -3.19000110736649
0.974000000000001 3.03151206559483 0.359642749649148 1.00804368067582 -3.19341768743283
0.975000000000001 3.03251910190352 0.356447626516555 1.00602960805844 -3.19682744116765
0.976000000000001 3.03352412615232 0.35324909703771 1.00401955956084 -3.20023038220995
0.977000000000001 3.03452714236133 0.350047168018496 1.00201352714281 -3.20362652417153
0.978000000000001 3.03552815454262 0.346841846251199 1.00001150278023 -3.20701588063693
0.979000000000001 3.03652716670024 0.343633138514535 0.998013478464991 -3.2103984651636
0.980000000000001 3.03752418283024 0.340421051573674 0.996019446204998 -3.21377429128188
0.981000000000001 3.03851920692068 0.337205592180272 0.994029398024118 -3.21714337249508
0.982000000000001 3.03951224295166 0.333986767072493 0.992043325962156 -3.22050572227952
0.983000000000001 3.04050329489533 0.330764582975039 0.99006122207482 -3.22386135408461
0.984000000000001 3.04149236671589 0.327539046599176 0.988083078433693 -3.22721028133289
0.985000000000001 3.04247946236964 0.324310164642761 0.986108887126197 -3.23055251742006
0.986000000000001 3.04346458580496 0.321077943790266 0.984138640255564 -3.23388807571507
0.987000000000001 3.04444774096234 0.317842390712813 0.982172329940804 -3.23721696956016
0.988000000000001 3.0454289317744 0.31460351206819 0.980209948316674 -3.24053921227092
0.989000000000001 3.04640816216592 0.311361314500886 0.978251487533644 -3.24385481713631
0.990000000000001 3.0473854360538 0.308115804642112 0.976296939757868 -3.24716379741876
0.991000000000001 3.04836075734716 0.30486698910983 0.974346297171154 -3.2504661663542
0.992000000000001 3.04933412994727 0.301614874508783 0.972399551970927 -3.2537619371521
0.993000000000001 3.05030555774764 0.298359467430512 0.970456696370204 -3.25705112299556
0.994000000000001 3.05127504463396 0.29510077445339 0.968517722597561 -3.26033373704132
0.995000000000001 3.05224259448419 0.29183880214265 0.966582622897099 -3.26360979241984
0.996000000000001 3.05320821116853 0.288573557050404 0.964651389528418 -3.26687930223534
0.997000000000001 3.05417189854945 0.285305045715674 0.962724014766581 -3.27014227956588
0.998000000000001 3.05513366048169 0.282033274664417 0.960800490902087 -3.27339873746337
0.999000000000001 3.05609350081232 0.278758250409551 0.958880810240838 -3.27664868895363
1 3.05705142338068 0.275479979450979 0.956964965104108 -3.27989214703649
1.001 3.05800743201848 0.272198468275622 0.955052947828515 -3.28312912468578
1.002 3.05896153054974 0.268913723357437 0.953144750765986 -3.2863596348494
1.003 3.05991372279087 0.265625751157445 0.951240366283731 -3.28958369044942
1.004 3.06086401255063 0.262334558123761 0.94933978676421 -3.29280130438205
1.005 3.06181240363019 0.259040150691614 0.947443004605102 -3.29601248951775
1.006 3.0627588998231 0.255742535283376 0.945550012219275 -3.29921725870128
1.007 3.06370350491536 0.25244171830859 0.943660802034758 -3.3024156247517
1.008 3.06464622268538 0.249137706163986 0.941775366494707 -3.3056076004625
1.009 3.06558705690405 0.245830505233521 0.939893698057378 -3.30879319860157
1.01 3.06652601133469 0.242520121888393 0.938015789196094 -3.31197243191131
1.011 3.06746308973313 0.239206562487071 0.936141632399218 -3.31514531310866
1.012 3.06839829584768 0.235889833375317 0.93427122017012 -3.31831185488515
1.013 3.06933163341916 0.232569940886219 0.932404545027147 -3.32147206990696
1.014 3.07026310618094 0.229246891340209 0.930541599503599 -3.32462597081493
1.015 3.07119271785889 0.225920691045089 0.928682376147689 -3.32777357022469
1.016 3.07212047217148 0.222591346296061 0.926826867522521 -3.33091488072664
1.017 3.07304637282971 0.21925886337575 0.92497506620606 -3.33404991488602
1.018 3.07397042353719 0.215923248554224 0.923126964791097 -3.33717868524296
1.019 3.07489262799013 0.212584508089027 0.921282555885224 -3.34030120431257
1.02 3.07581298987734 0.209242648225198 0.919441832110803 -3.34341748458491
1.021 3.07673151288027 0.205897675195302 0.917604786104936 -3.34652753852511
1.022 3.07764820067302 0.202549595219446 0.915771410519437 -3.3496313785734
1.023 3.07856305692234 0.199198414505315 0.913941698020801 -3.35272901714514
1.024 3.07947608528765 0.195844139248185 0.912115641290176 -3.35582046663088
1.025 3.08038728942107 0.19248677563096 0.910293233023332 -3.35890573939643
1.026 3.08129667296742 0.189126329824186 0.908474465930633 -3.36198484778288
1.027 3.08220423956423 0.185762807986082 0.90665933273701 -3.36505780410667
1.028 3.08310999284177 0.182396216262563 0.904847826181927 -3.36812462065963
1.029 3.08401393642306 0.179026560787264 0.903039939019355 -3.37118530970903
1.03 3.08491607392387 0.175653847681566 0.901235664017743 -3.37423988349763
1.031 3.08581640895274 0.172278083054617 0.899434993959989 -3.37728835424373
1.032 3.08671494511103 0.168899273003362 0.89763792164341 -3.38033073414122
1.033 3.08761168599288 0.165517423612561 0.895844439879714 -3.38336703535962
1.034 3.08850663518525 0.162132540954821 0.894054541494972 -3.38639727004414
1.035 3.08939979626794 0.158744631090611 0.892268219329589 -3.38942145031572
1.036 3.0902911728136 0.155353700068295 0.890485466238272 -3.39243958827109
1.037 3.09118076838773 0.151959753924151 0.888706275090007 -3.3954516959828
1.038 3.09206858654872 0.148562798682396 0.886930638768028 -3.39845778549928
1.039 3.09295463084784 0.14516284035521 0.885158550169787 -3.40145786884491
1.04 3.09383890482927 0.141759884942762 0.883390002206926 -3.40445195802002
1.041 3.09472141203011 0.138353938433235 0.881624987805252 -3.40744006500096
1.042 3.09560215598039 0.134945006802842 0.879863499904705 -3.41042220174017
1.043 3.09648114020307 0.131533096015859 0.878105531459331 -3.41339838016621
1.044 3.09735836821411 0.128118212024646 0.876351075437253 -3.41636861218378
1.045 3.09823384352242 0.124700360769668 0.874600124820646 -3.41933290967382
1.046 3.09910756962989 0.121279548179523 0.872852672605704 -3.42229128449353
1.047 3.09997955003143 0.117855780170961 0.871108711802616 -3.4252437484764
1.048 3.10084978821497 0.114429062648912 0.869368235435536 -3.42819031343231
1.049 3.10171828766146 0.110999401506509 0.867631236542558 -3.4311309911475
1.05 3.1025850518449 0.107566802625111 0.865897708175683 -3.4340657933847
1.051 3.10345008423234 0.104131271874321 0.864167643400795 -3.43699473188312
1.05199999999999 3.10431338828392 0.100692815112019 0.862441035297632 -3.43991781835852
1.05299999999999 3.10517496745286 0.0972514381843812 0.860717876959761 -3.44283506450324
1.05399999999999 3.10603482518547 0.0938071469259008 0.858998161494546 -3.44574648198628
1.05499999999999 3.10689296492118 0.0903599471594152 0.857281882023121 -3.4486520824533
1.05599999999999 3.10774939009255 0.0869098446961249 0.855569031680368 -3.45155187752672
1.05699999999999 3.1086041041253 0.0834568453356264 0.853859603614882 -3.45444587880572
1.05799999999999 3.10945711043826 0.0800009548659215 0.852153590988949 -3.45733409786631
1.05899999999999 3.11030841244348 0.0765421790634502 0.850450986978517 -3.46021654626137
1.05999999999999 3.11115801354615 0.0730805236931094 0.848751784773166 -3.46309323552069
1.06099999999999 3.11200591714469 0.0696159945082844 0.847055977576086 -3.46596417715104
1.06199999999999 3.11285212663071 0.0661485972508578 0.845363558604046 -3.46882938263618
1.06299999999999 3.11369664538905 0.0626783376512412 0.843674521087367 -3.47168886343695
1.06399999999999 3.11453947679779 0.0592052214283987 0.841988858269897 -3.47454263099126
1.06499999999999 3.11538062422825 0.0557292542898695 0.840306563408984 -3.4773906967142
1.06599999999999 3.11622009104502 0.0522504419317844 0.838627629775444 -3.48023307199803
1.06699999999999 3.11705788060597 0.0487687900388973 0.836952050653542 -3.48306976821226
1.06799999999999 3.11789399626226 0.0452843042846016 0.835279819340958 -3.48590079670366
1.06899999999999 3.11872844135836 0.0417969903309565 0.833610929148765 -3.48872616879637
1.06999999999999 3.11956121923204 0.0383068538287086 0.8319453734014 -3.49154589579187
1.07099999999999 3.12039233321442 0.0348139004173129 0.830283145436638 -3.49435998896908
1.07199999999999 3.12122178662996 0.0313181357249572 0.828624238605565 -3.49716845958437
1.07299999999999 3.12204958279646 0.0278195653685867 0.826968646272551 -3.49997131887163
1.07399999999999 3.12287572502513 0.0243181949539206 0.825316361815225 -3.5027685780423
1.07499999999999 3.12370021662051 0.0208140300754796 0.823667378624447 -3.50556024828541
1.07599999999999 3.1245230608806 0.0173070763166034 0.822021690104281 -3.50834634076766
1.07699999999999 3.12534426109675 0.013797339249483 0.820379289671971 -3.51112686663342
1.07799999999999 3.12616382055378 0.0102848244351694 0.818740170757915 -3.51390183700479
1.07899999999999 3.12698174252992 0.00676953742360542 0.817104326805633 -3.51667126298166
1.07999999999999 3.12779803029686 0.0032514837536457 0.815471751271747 -3.51943515564174
1.08099999999999 3.12861268711976 -0.000269331046923504 0.813842437625954 -3.5221935260406
