0 0 0 7.07106781186548 7.07106781186547
0.001 0.00705341956832667 0.0070485277247952 7.03580071402384 7.0260251732415
0.002 0.0140716600597935 0.0140521252301196 7.00070951156651 6.98120718571488
0.003 0.0210548969307786 0.021011016606378 6.96579332721158 6.93661272883358
0.004 0.0280033047625671 0.0279254248263191 6.93105128805264 6.89224068773388
0.005 0.0349170572657168 0.0347955717506104 6.89648252553689 6.84808995311242
0.006 0.0417963272844004 0.0416216781333852 6.86208617544347 6.80415942119855
0.007 0.0486412868007267 0.0484039636277606 6.82786137786184 6.76044799372667
0.008 0.05545210693904 0.0551426467913294 6.79380727717028 6.71695457790883
0.009 0.0622289579701987 0.0618379450916235 6.75992302201448 6.67367808640736
0.01 0.0689720093158312 0.0684900749115513 6.72620776528632 6.63061743730772
0.011 0.0756814295525728 0.0750992515548071 6.69266066410261 6.58777155409144
0.012 0.0823573864162784 0.0816656892512528 6.65928087978408 6.54513936560921
0.013 0.0890000468062176 0.0881896011622754 6.62606757783439 6.5027198060541
0.014 0.0956095767892461 0.0946711993861144 6.59301992791925 6.4605118149349
0.015 0.102186141603958 0.101110694963165 6.56013710384569 6.41851433704965
0.016 0.108729905664815 0.107508297881254 6.5274182835414 6.37672632245921
0.017 0.115241032566261 0.113864217080889 6.49486264903417 6.33514672646103
0.018 0.121719685086806 0.120178660460485 6.46246938643144 6.29377450956305
0.019 0.128166025193102 0.126451834881556 6.43023768589996 6.2526086374577
0.02 0.134580214043987 0.132683946173891 6.39816674164554 6.21164808099602
0.021 0.140962411994516 0.1388751991407 6.36625575189289 6.17089181616197
0.022 0.147312778599971 0.145025797563732 6.33450391886562 6.13033882404682
0.023 0.153631472619846 0.151135944208368 6.30291044876624 6.08998809082363
0.024 0.159918652021823 0.157205840828697 6.27147455175636 6.04983860772199
0.025 0.166174473985712 0.163235688172551 6.24019544193691 6.00988937100272
0.026 0.17239909490739 0.16922568598653 6.20907233732852 5.97013938193282
0.027 0.178592670402704 0.175176033020994 6.17810445985196 5.9305876467605
0.028 0.184755355311362 0.18108692703503 6.14729103530866 5.89123317669032
0.029 0.19088730370081 0.1869585648014 6.11663129336142 5.85207498785848
0.03 0.196988668870076 0.192791142111454 6.08612446751509 5.81311210130821
0.031 0.203059603353608 0.198584853780031 6.05576979509744 5.77434354296532
0.032 0.209100258925083 0.204339893650328 6.02556651724006 5.73576834361384
0.033 0.215110786601205 0.210056454598742 5.99551387885945 5.69738553887177
0.034 0.22109133664548 0.215734728539697 5.96561112863808 5.65919416916699
0.035 0.227042058571969 0.22137490643044 5.93585751900563 5.62119327971327
0.036 0.232963101149032 0.226977178275813 5.90625230612032 5.58338192048641
0.037 0.238854612403041 0.232541733133007 5.87679474985027 5.54575914620044
0.038 0.244716739622083 0.238068759116285 5.84748411375506 5.50832401628405
0.039 0.250549629359646 0.243558443401687 5.81831966506725 5.47107559485704
0.04 0.256353427438276 0.249010972231707 5.7893006746741 5.43401295070694
0.041 0.262128278953227 0.254426530919952 5.76042641709934 5.39713515726571
0.042 0.267874328276088 0.259805303855774 5.73169617048504 5.3604412925866
0.043 0.273591719058391 0.265147474508879 5.70310921657352 5.32393043932108
0.044 0.279280594235204 0.270453225433913 5.67466484068945 5.28760168469591
0.045 0.284941096028703 0.275722738275027 5.64636233172196 5.25145412049034
0.046 0.290573365951727 0.28095619377042 5.61820098210684 5.21548684301338
0.047 0.296177544811317 0.286153771756852 5.59018008780889 5.17969895308121
0.048 0.301753772712237 0.291315651174148 5.56229894830429 5.14408955599474
0.049 0.307302189060474 0.296442010069662 5.5345568665631 5.10865776151716
0.05 0.312822932566728 0.301533025602737 5.50695314903184 5.07340268385179
0.051 0.318316141249872 0.306588874049128 5.47948710561612 5.03832344161983
0.052 0.32378195244041 0.311609730805412 5.45215804966343 5.00341915783842
0.053 0.329220502783906 0.31659577039337 5.42496529794595 4.96868895989862
0.054 0.334631928244402 0.321547166464356 5.39790817064346 4.9341319795437
0.055 0.340016364107817 0.326464091803629 5.37098599132639 4.89974735284733
0.056 0.345373944985327 0.331346718334683 5.34419808693884 4.86553422019206
0.057 0.350704804816734 0.336195217123536 5.3175437877818 4.83149172624779
0.058 0.356009076873811 0.341009758383014 5.29102242749642 4.7976190199504
0.059 0.361286893763636 0.345790511476999 5.2646333430473 4.76391525448048
0.06 0.366538387431905 0.350537644924672 5.23837587470595 4.73037958724212
0.061 0.371763689166235 0.355251326404717 5.2122493660343 4.69701117984189
0.062 0.37696292959944 0.359931722759518 5.18625316386828 4.66380919806788
0.063 0.382136238712802 0.364578999999332 5.16038661830147 4.63077281186882
0.064 0.387283745839318 0.369193323306431 5.13464908266888 4.59790119533332
0.065 0.392405579666935 0.373774857039243 5.1090399135308 4.56519352666926
0.066 0.397501868241766 0.378323764736451 5.08355847065665 4.53264898818322
0.067 0.402572738971289 0.382840209121085 5.05820411700903 4.50026676626005
0.068 0.407618318627537 0.387324352104594 5.03297621872779 4.4680460513425
0.069 0.412638733350265 0.391776354790888 5.00787414511415 4.43598603791104
0.07 0.417634108650102 0.396196377480367 4.98289726861496 4.40408592446364
0.071 0.422604569411691 0.400584579673931 4.95804496480702 4.37234491349582
0.0720000000000001 0.427550239896809 0.404941120076965 4.93331661238143 4.34076221148065
0.0730000000000001 0.432471243747477 0.409266156603309 4.90871159312809 4.30933702884893
0.0740000000000001 0.437367703989047 0.413559846379204 4.88422929192024 4.27806857996946
0.0750000000000001 0.442239743033279 0.417822345747218 4.85986909669908 4.24695608312938
0.0760000000000001 0.447087482681405 0.422053810270161 4.83563039845845 4.21599876051467
0.0770000000000001 0.451911044127167 0.426254394734968 4.81151259122964 4.18519583819063
0.0780000000000001 0.456710547959852 0.430424253156572 4.78751507206621 4.15454654608262
0.0790000000000001 0.461486114167308 0.434563538781752 4.76363724102894 4.12405011795672
0.0800000000000001 0.466237862138937 0.438672404092966 4.73987850117079 4.09370579140064
0.0810000000000001 0.470965910668686 0.442751000812164 4.71623825852204 4.06351280780465
0.0820000000000001 0.475670377958016 0.446799479904578 4.6927159220754 4.03347041234258
0.0830000000000001 0.480351381618852 0.450817991582499 4.66931090377122 4.00357785395298
0.0840000000000001 0.485009038676531 0.454806685309029 4.64602261848282 3.97383438532033
0.0850000000000001 0.489643465572721 0.458765709801821 4.62285048400187 3.94423926285637
0.0860000000000001 0.494254778168337 0.462695213036797 4.59979392102379 3.91479174668149
0.0870000000000001 0.498843091746433 0.466595342251843 4.57685235313331 3.88549110060626
0.0880000000000001 0.503408521015087 0.470466243950496 4.55402520679004 3.856336592113
0.0890000000000001 0.50795118011027 0.474308063905601 4.53131191131412 3.82732749233747
0.0900000000000001 0.512471182598695 0.47812094716296 4.508711898872 3.79846307605067
0.0910000000000001 0.51696864148066 0.481905038044955 4.48622460446217 3.7697426216407
0.0920000000000001 0.521443669192872 0.485660480154157 4.46384946590112 3.74116541109469
0.0930000000000001 0.525896377611255 0.489387416376915 4.4415859238092 3.7127307299809
0.0940000000000001 0.530326878053752 0.493085988886933 4.41943342159671 3.68443786743081
0.0950000000000001 0.534735281283106 0.496756339148818 4.39739140544995 3.65628611612138
0.0960000000000001 0.539121697509626 0.500398607921619 4.37545932431734 3.62827477225738
0.0970000000000001 0.543486236393947 0.504012935262347 4.35363662989574 3.60040313555374
0.0980000000000001 0.547829007049768 0.507599460529477 4.33192277661663 3.57267050921809
0.0990000000000001 0.552150118046582 0.511158322386429 4.31031722163256 3.54507619993333
0.1 0.556449677412389 0.514689658805036 4.28881942480353 3.51761951784029
0.101 0.560727792636396 0.518193607068996 4.2674288486835 3.4902997765205
0.102 0.564984570671707 0.521670303777299 4.24614495850694 3.46311629297898
0.103 0.569220117937995 0.525119884847646 4.2249672221755 3.43606838762724
0.104 0.573434540324162 0.528542485519846 4.20389511024466 3.40915538426624
0.105 0.577627943190988 0.531938240359196 4.18292809591054 3.38237661006949
0.106 0.581800431373761 0.535307283259846 4.16206565499667 3.35573139556625
0.107 0.585952109184905 0.538649747448145 4.14130726594095 3.32921907462475
0.108 0.59008308041658 0.541965765485976 4.12065240978258 3.30283898443559
0.109 0.594193448343283 0.545255469274063 4.10010057014906 3.27659046549516
0.11 0.598283315724426 0.548518990055275 4.07965123324335 3.2504728615891
0.111 0.602352784806906 0.551756458417903 4.05930388783095 3.22448551977596
0.112 0.606401957327662 0.554968004298927 4.03905802522716 3.19862779037084
0.113 0.610430934516219 0.558153756987263 4.01891313928438 3.17289902692916
0.114 0.614439817097216 0.561313845126997 3.9988687263794 3.14729858623049
0.115 0.618428705292925 0.564448396720599 3.97892428540085 3.12182582826248
0.116 0.622397698825761 0.567557539132123 3.95907931773667 3.09648011620486
0.117 0.626346896920768 0.570641399090395 3.93933332726164 3.0712608164135
0.118 0.630276398308103 0.573700102692176 3.91968582032496 3.04616729840459
0.119 0.634186301225507 0.576733775405317 3.90013630573794 3.02119893483889
0.12 0.638076703420756 0.579742542071897 3.8806842947617 2.99635510150599
0.121 0.641947702154107 0.58272652691134 3.86132930109494 2.97163517730877
0.122 0.64579939420073 0.585685853523526 3.84207084086183 2.94703854424785
0.123 0.649631875853127 0.588620644891875 3.82290843259984 2.9225645874061
0.124 0.65344524292354 0.591531023386427 3.80384159724778 2.89821269493334
0.125 0.657239590746342 0.594417110766898 3.78486985813376 2.87398225803098
0.126 0.661015014180429 0.597279028185725 3.76599274096333 2.84987267093685
0.127 0.664771607611581 0.600116896191094 3.74720977380757 2.82588333091
0.128 0.668509464954831 0.602930834729956 3.72852048709132 2.80201363821569
0.129 0.672228679656807 0.605720963151022 3.70992441358144 2.77826299611036
0.13 0.675929344698069 0.608487400207751 3.69142108837513 2.75463081082672
0.131 0.679611552595438 0.611230264061315 3.67301004888829 2.7311164915589
0.132 0.683275395404301 0.613949672283555 3.65469083484397 2.7077194504477
0.133 0.686920964720921 0.616645741859921 3.63646298826087 2.68443910256587
0.134 0.690548351684719 0.619318589192394 3.61832605344188 2.6612748659035
0.135 0.694157646980559 0.6219683301024 3.60027957696268 2.63822616135347
0.136 0.697748940841012 0.624595079833701 3.58232310766042 2.61529241269697
0.137 0.70132232304861 0.627198953055278 3.56445619662243 2.59247304658908
0.138 0.704877882938096 0.629780063864202 3.546678397175 2.56976749254447
0.139 0.70841570939865 0.632338525788477 3.52898926487222 2.54717518292309
0.14 0.711935890876121 0.634874451789888 3.51138835748487 2.52469555291603
0.141 0.715438515375226 0.637387954266819 3.49387523498934 2.50232804053138
0.142 0.718923670461763 0.639879145057064 3.47644945955666 2.48007208658015
0.143 0.722391443264788 0.642348135440626 3.45911059554154 2.45792713466234
0.144 0.725841920478803 0.644795036142494 3.44185820947146 2.435892631153
0.145 0.729275188365919 0.647219957335416 3.42469187003588 2.41396802518839
0.146 0.73269133275801 0.64962300864265 3.40761114807543 2.39215276865222
0.147 0.736090439058865 0.652004299140706 3.39061561657115 2.37044631616194
0.148 0.739472592246318 0.654363937362072 3.37370485063389 2.34884812505511
0.149 0.742837876874374 0.656702031297929 3.3568784274936 2.32735765537583
0.15 0.746186377075327 0.659018688400849 3.34013592648884 2.30597436986123
0.151 0.749518176561853 0.661314015587482 3.32347692905621 2.28469773392806
0.152 0.752833358629115 0.66358811924123 3.3069010187199 2.26352721565932
0.153 0.756132006156836 0.665841105214905 3.2904077810813 2.24246228579095
0.154 0.759414201611376 0.668073078833375 3.27399680380859 2.2215024176986
0.155 0.762680027047794 0.670284144896199 3.25766767662651 2.20064708738448
0.156 0.765929564111894 0.672474407680246 3.24141999130601 2.17989577346424
0.157 0.769162894042273 0.674643970942302 3.22525334165411 2.15924795715396
0.158 0.772380097672347 0.676792937921663 3.20916732350374 2.13870312225716
0.159 0.775581255432375 0.678921411342718 3.1931615347036 2.11826075515188
0.16 0.778766447351467 0.681029493417516 3.17723557510814 2.09792034477789
0.161 0.781935753059587 0.683117285848319 3.16138904656754 2.07768138262388
0.162 0.785089251789544 0.68518488983015 3.14562155291776 2.05754336271472
0.163 0.788227022378969 0.687232406053319 3.12993269997063 2.03750578159888
0.164 0.79134914327229 0.689259934705938 3.11432209550403 2.01756813833578
0.165 0.794455692522693 0.691267575476433 3.09878934925201 1.99772993448331
0.166 0.797546747794071 0.693255427556029 3.08333407289512 1.97799067408533
0.167 0.800622386362966 0.695223589641233 3.06795588005064 1.95834986365931
0.168 0.803682685120503 0.697172159936304 3.05265438626296 1.93880701218395
0.169 0.806727720574311 0.699101236155701 3.03742920899392 1.91936163108697
0.17 0.809757568850433 0.701010915526532 3.02227996761331 1.90001323423281
0.171 0.812772305695235 0.702901294790983 3.0072062833893 1.88076133791056
0.172 0.815772006477295 0.704772470208737 2.992207779479 1.86160546082179
0.173 0.818756746189289 0.706624537559379 2.97728408091903 1.84254512406858
0.174 0.821726599449865 0.70845759214479 2.96243481461615 1.82357985114152
0.175 0.824681640505509 0.710271728791533 2.94765960933793 1.80470916790781
0.176 0.827621943232401 0.712067041853221 2.93295809570347 1.78593260259937
0.177 0.830547581138264 0.713843625212876 2.91832990617416 1.76724968580109
0.178 0.833458627364196 0.715601572285276 2.9037746750445 1.74865995043909
0.179 0.836355154686505 0.717340976019293 2.88929203843295 1.73016293176901
0.18 0.839237235518526 0.719061928900211 2.87488163427285 1.71175816736442
0.181 0.842104941912428 0.720764522952044 2.86054310230334 1.69344519710525
0.182 0.844958345561021 0.722448849739836 2.84627608406037 1.67522356316629
0.183 0.847797517799546 0.724115000371945 2.83208022286775 1.65709281000575
0.184 0.850622529607455 0.725763065502325 2.8179551638282 1.63905248435385
0.185 0.853433451610191 0.727393135332794 2.80390055381452 1.6211021352015
0.186 0.856230354080951 0.729005299615283 2.78991604146072 1.60324131378906
0.187 0.859013306942442 0.730599647654087 2.77600127715327 1.58546957359504
0.188 0.86178237976863 0.73217626830809 2.76215591302232 1.56778647032502
0.189 0.864537641786481 0.733735249992994 2.74837960293307 1.5501915619005
0.19 0.867279161877689 0.735276680683524 2.73467200247703 1.53268440844785
0.191 0.870007008580397 0.73680064791563 2.72103276896349 1.51526457228733
0.192 0.872721250090917 0.738307238788673 2.70746156141089 1.49793161792211
0.193 0.875421954265427 0.739796539967607 2.69395804053834 1.48068511202744
0.194 0.878109188621672 0.74126863768514 2.68052186875711 1.46352462343978
0.195 0.880783020340651 0.742723617743894 2.66715271016222 1.446449723146
0.196 0.883443516268297 0.744161565518548 2.65385023052399 1.42945998427273
0.197 0.886090742917146 0.745582565957974 2.64061409727975 1.4125549820756
0.198 0.888724766468001 0.746986703587359 2.62744397952547 1.39573429392868
0.199 0.89134565277159 0.748374062510319 2.61433954800752 1.37899749931388
0.2 0.893953467350207 0.749744726411001 2.60130047511444 1.36234417981047
0.201 0.89654827539935 0.751098778556176 2.58832643486872 1.34577391908459
0.202 0.899130141789358 0.752436301797321 2.57541710291869 1.32928630287887
0.203 0.901699131067024 0.753757378572687 2.56257215653036 1.31288091900204
0.204 0.904255307457213 0.755062090909366 2.54979127457941 1.29655735731864
0.205 0.90679873486447 0.756350520425336 2.53707413754313 1.28031520973879
0.206 0.909329476874611 0.757622748331505 2.52442042749242 1.26415407020795
0.207 0.911847596756318 0.758878855433737 2.51182982808389 1.24807353469679
0.208 0.91435315746272 0.760118922134878 2.49930202455188 1.23207320119109
0.209 0.916846221632964 0.761343028436762 2.48683670370065 1.21615266968166
0.21 0.919326851593786 0.762551253942213 2.47443355389655 1.20031154215441
0.211 0.921795109361063 0.763743677857033 2.46209226506016 1.18454942258031
0.212 0.924251056641368 0.764920378991985 2.44981252865864 1.16886591690555
0.213 0.92669475483351 0.76608143576476 2.43759403769793 1.15326063304168
0.214 0.929126265030072 0.767226926201939 2.42543648671511 1.13773318085578
0.215 0.931545648018936 0.768356927940947 2.41333957177079 1.12228317216074
0.216 0.933952964284802 0.769471518231986 2.40130299044146 1.10691022070554
0.217 0.936348274010703 0.770570773939975 2.38932644181196 1.0916139421656
0.218 0.938731637079505 0.771654771546465 2.37740962646795 1.07639395413315
0.219 0.94110311307541 0.772723587151556 2.36555224648843 1.0612498761077
0.22 0.943462761285442 0.773777296475794 2.35375400543827 1.0461813294865
0.221 0.945810640700928 0.774815974862071 2.34201460836084 1.03118793755512
0.222 0.948146810018976 0.775839697277502 2.3303337617706 1.01626932547796
0.223 0.950471327643941 0.776848538315302 2.31871117364577 1.00142512028896
0.224 0.952784251688885 0.777842572196653 2.30714655342105 0.986654950882207
0.225 0.955085639977029 0.778821872772555 2.29563961198033 0.971958448002696
0.226 0.9573755500432 0.779786513525676 2.28419006164948 0.957335244237092
0.227 0.959654039135269 0.780736567572187 2.27279761618913 0.942784974004538
0.228 0.961921164215582 0.78167210766359 2.26146199078757 0.928307273547522
0.229 0.964176981962384 0.782593206188539 2.25018290205356 0.913901780922776
0.23 0.966421548771237 0.783499935174647 2.23896006800929 0.899568135992236
0.231 0.968654920756427 0.784392366290288 2.22779320808334 0.885305980414032
0.232 0.97087715375237 0.785270570846388 2.21668204310363 0.871114957633532
0.233 0.973088303315007 0.786134619798209 2.20562629529044 0.856994712874426
0.234 0.975288424723193 0.786984583747122 2.19462568824951 0.842944893129862
0.235 0.977477572980076 0.787820532942372 2.18367994696509 0.828965147153611
0.236 0.979655802814479 0.788642537282835 2.17278879779308 0.815055125451299
0.237 0.981823168682258 0.789450666318763 2.16195196845418 0.801214480271657
0.238 0.983979724767676 0.790244989253527 2.1511691880271 0.787442865597835
0.239 0.986125524984745 0.791025574945345 2.14044018694175 0.773739937138749
0.24 0.988260622978583 0.791792491909 2.12976469697256 0.760105352320475
0.241 0.990385072126752 0.792545808317559 2.11914245123172 0.74653877027768
0.242 0.992498925540589 0.793285592004073 2.10857318416253 0.733039851845108
0.243 0.994602236066542 0.794011910463276 2.09805663153277 0.719608259549094
0.244 0.996695056287482 0.794724830853268 2.08759253042807 0.706243657599133
0.245 0.998777438524024 0.795424419997199 2.07718061924536 0.692945711879479
0.246 1.00084943483583 0.796110744384936 2.06682063768631 0.679714089940796
0.247 1.00291109702292 0.796783870174725 2.05651232675086 0.666548460991846
0.248 1.00496247662696 0.79744386319485 2.04625542873068 0.653448495891221
0.249 1.00700362493253 0.798090788945272 2.0360496872028 0.640413867139111
0.25 1.00903459296847 0.798724712599271 2.02589484702315 0.627444248869117
0.251 1.01105543150906 0.799345699005073 2.01579065432018 0.614539316840108
0.252 1.01306619107538 0.799953812687473 2.00573685648856 0.60169874842811
0.253 1.01506692193653 0.800549117849445 1.99573320218282 0.588922222618246
0.254 1.01705767411088 0.801131678373754 1.98577944131108 0.576209419996702
0.255 1.01903849736734 0.801701557824544 1.9758753250288 0.563560022742754
0.256 1.02100944122659 0.802258819448933 1.96602060573255 0.550973714620809
0.257 1.02297055496233 0.802803526178593 1.95621503705384 0.53845018097251
0.258 1.02492188760251 0.803335740631322 1.94645837385295 0.525989108708863
0.259 1.02686348793054 0.803855525112612 1.93675037221278 0.513590186302413
0.26 1.02879540448654 0.804362941617204 1.92709078943279 0.501253103779452
0.261 1.03071768556851 0.804858051830639 1.9174793840229 0.488977552712277
0.262 1.0326303792336 0.8053409171308 1.90791591569748 0.47676322621147
0.263 1.03453353329923 0.805811598589448 1.89840014536933 0.464609818918234
0.264 1.03642719534436 0.806270156973744 1.88893183514369 0.452517026996752
0.265 1.03831141271063 0.806716652747775 1.8795107483123 0.440484548126598
0.266 1.04018623250359 0.80715114607406 1.87013664934752 0.428512081495172
0.267 1.04205170159382 0.807573696815057 1.86080930389637 0.416599327790186
0.268 1.04390786661815 0.80798436453466 1.85152847877474 0.404745989192175
0.269 1.04575477398079 0.808383208499683 1.84229394196151 0.392951769367057
0.27 1.04759246985454 0.80877028768135 1.83310546259278 0.381216373458724
0.271 1.04942100018188 0.809145660756761 1.82396281095609 0.369539508081666
0.272 1.05124041067616 0.809509386110367 1.81486575848467 0.35792088131364
0.273 1.05305074682275 0.80986152183542 1.80581407775174 0.346360202688372
0.274 1.05485205388013 0.810202125735436 1.79680754246481 0.334857183188294
0.275 1.05664437688109 0.810531255325631 1.78784592746002 0.323411535237321
0.276 1.05842776063379 0.810848967834363 1.77892900869653 0.312022972693655
0.277 1.06020224972291 0.811155320204566 1.77005656325092 0.300691210842642
0.278 1.06196788851078 0.811450369095166 1.76122836931157 0.289415966389644
0.279 1.06372472113846 0.811734170882502 1.7524442061732 0.278196957452963
0.28 1.06547279152685 0.812006781661736 1.74370385423124 0.267033903556791
0.281 1.0672121433778 0.812268257248255 1.73500709497646 0.2559265256242
0.282 1.06894282017521 0.812518653179062 1.72635371098943 0.244874545970162
0.283 1.07066486518608 0.812758024714172 1.71774348593508 0.233877688294611
0.284 1.07237832146163 0.812986426837988 1.70917620455734 0.222935677675531
0.285 1.07408323183835 0.813203914260677 1.70065165267374 0.212048240562088
0.286 1.07577963893909 0.813410541419537 1.69216961717003 0.201215104767787
0.287 1.07746758517412 0.813606362480361 1.68372988599488 0.190435999463668
0.288 1.07914711274218 0.813791431338787 1.67533224815458 0.179710655171538
0.289 1.08081826363155 0.813965801621648 1.66697649370774 0.169038803757231
0.29 1.08248107962108 0.814129526688314 1.65866241376006 0.158420178423905
0.291 1.08413560228127 0.81428265963202 1.65038980045912 0.147854513705374
0.292 1.08578187297527 0.814425253281201 1.64215844698914 0.13734154545947
0.293 1.08741993285992 0.814557360200807 1.63396814756587 0.126881010861439
0.294 1.08904982288682 0.81467903269362 1.62581869743139 0.116472648397371
0.295 1.09067158380329 0.814790322801562 1.61770989284903 0.106116197857663
0.296 1.09228525615345 0.814891282306992 1.60964153109824 0.0958114003305119
0.297 1.09389088027918 0.814981962734006 1.60161341046956 0.0855579981954431
0.298 1.09548849632118 0.815062415349721 1.59362533025957 0.0753557351168677
0.299 1.09707814421993 0.815132691165559 1.58567709076583 0.0652043560376792
0.3 1.09865986371671 0.81519284093852 1.57776849328195 0.0551036071728708
0.301 1.10023369435458 0.815242915172456 1.56989934009258 0.0450532360031952
0.302 1.1017996754794 0.815282964119325 1.56206943446847 0.0350529912688493
0.303 1.10335784624078 0.815313037780455 1.55427858066158 0.025102622963195
0.304 1.10490824559306 0.815333185907794 1.54652658390016 0.0152018823265048
0.305 1.10645091229632 0.815343458005145 1.53881325038389 0.00535052183974849
0.306 1.10798588491729 0.815343903329415 1.53113838727903 -0.00445170478160017
0.307 1.10951320183038 0.815334570891838 1.52350180271359 -0.0142050425937164
0.308 1.11103290121858 0.815315509459205 1.51590330577257 -0.0239097354305542
0.309 1.11254502107447 0.815286767555082 1.50834270649315 -0.0335660259099393
0.31 1.11404959920111 0.815248393461022 1.50081981585995 -0.0431741554396374
0.311 1.11554667321303 0.815200435217772 1.49333444580031 -0.0527343642233864
0.312 1.11703628053718 0.815142940626475 1.4858864091796 -0.0622468912669043
0.313 1.11851845841379 0.815075957249867 1.4784755197965 -0.0717119743838623
0.314 1.11999324389741 0.814999532413461 1.47110159237841 -0.0811298502018321
0.315 1.12146067385775 0.814913713206734 1.46376444257674 -0.0905007541681984
0.316 1.12292078498062 0.814818546484304 1.45646388696238 -0.0998249205560493
0.317 1.12437361376889 0.8147140788671 1.44919974302105 -0.10910258247003
0.318 1.12581919654334 0.814600356743529 1.44197182914877 -0.118333971852171
0.319 1.12725756944363 0.814477426270632 1.43477996464733 -0.127519319487688
0.32 1.12868876842915 0.814345333375245 1.42762396971972 -0.136658855010751
0.321 1.13011282927995 0.814204123755139 1.42050366546572 -0.145752806910223
0.322 1.13152978759763 0.81405384288017 1.41341887387734 -0.154801402535377
0.323 1.13293967880621 0.813894535993409 1.40636941783442 -0.163804868101572
0.324 1.13434253815306 0.813726248112278 1.3993551211002 -0.172763428695918
0.325 1.13573840070972 0.813549024029674 1.39237580831688 -0.181677308282896
0.326 1.13712730137284 0.813362908315087 1.3854313050013 -0.190546729709961
0.327 1.138509274865 0.813167945315716 1.37852143754049 -0.199371914713109
0.328 1.13988435573561 0.812964179157579 1.37164603318743 -0.208153083922425
0.329 1.14125257836177 0.812751653746614 1.36480492005663 -0.216890456867597
0.33 1.14261397694911 0.812530412769775 1.35799792711992 -0.225584251983404
0.331 1.14396858553267 0.81230049969613 1.35122488420211 -0.234234686615176
0.332 1.14531643797774 0.812061957777941 1.34448562197679 -0.24284197702423
0.333 1.14665756798069 0.811814830051749 1.33777997196204 -0.251406338393274
0.334 1.14799200906984 0.811559159339452 1.33110776651627 -0.259927984831789
0.335 1.1493197946063 0.81129498824937 1.32446883883399 -0.268407129381379
0.336 1.15064095778476 0.811022359177314 1.31786302294166 -0.2768439840211
0.337 1.15195553163439 0.810741314307646 1.31129015369354 -0.285238759672756
0.338 1.15326354901958 0.81045189561433 1.30475006676756 -0.293591666206178
0.339 1.15456504264085 0.810154144861987 1.29824259866121 -0.301902912444462
0.34 1.15586004503561 0.809848103606934 1.29176758668744 -0.310172706169198
0.341 1.15714858857897 0.809533813198226 1.28532486897062 -0.31840125412566
0.342 1.1584307054846 0.809211314778689 1.27891428444247 -0.326588762027975
0.343 1.15970642780549 0.808880649285948 1.27253567283803 -0.334735434564267
0.344 1.16097578743476 0.808541857453449 1.2661888746917 -0.342841475401774
0.345 1.16223881610646 0.808194979811482 1.25987373133318 -0.350907087191938
0.346 1.16349554539638 0.80784005668819 1.25359008488356 -0.358932471575476
0.347 1.16474600672282 0.807477128210577 1.24733777825136 -0.366917829187414
0.348 1.16599023134738 0.807106234305516 1.24111665512858 -0.374863359662109
0.349 1.16722825037573 0.806727414700742 1.23492655998682 -0.382769261638235
0.35 1.16846009475842 0.806340708925846 1.22876733807337 -0.390635732763756
0.351 1.16968579529162 0.805946156313266 1.22263883540738 -0.398462969700858
0.352 1.17090538261791 0.805543795999269 1.21654089877595 -0.406251168130872
0.353 1.17211888722702 0.805133666924927 1.21047337573035 -0.414000522759165
0.354 1.17332633945666 0.804715807837095 1.20443611458219 -0.421711227320006
0.355 1.17452776949317 0.804290257289376 1.19842896439963 -0.42938347458141
0.356 1.17572320737238 0.803857053643086 1.19245177500359 -0.43701745634996
0.357 1.17691268298029 0.803416235068214 1.18650439696404 -0.444613363475596
0.358 1.17809622605385 0.802967839544373 1.18058668159621 -0.452171385856393
0.359 1.17927386618171 0.802511904861755 1.17469848095691 -0.459691712443303
0.36 1.18044563280493 0.802048468622071 1.16883964784081 -0.467174531244883
0.361 1.18161155521774 0.801577568239493 1.16301003577678 -0.474620029331993
0.362 1.18277166256825 0.801099240941589 1.15720949902423 -0.482028392842473
0.363 1.18392598385921 0.800613523770254 1.15143789256942 -0.489399806985795
0.364 1.18507454794872 0.800120453582634 1.1456950721219 -0.496734456047699
0.365 1.18621738355093 0.799620067052053 1.13998089411085 -0.504032523394792
0.366 1.18735451923679 0.799112400668922 1.13429521568152 -0.511294191479139
0.367 1.18848598343476 0.798597490741658 1.12863789469167 -0.518519641842818
0.368 1.1896118044315 0.798075373397588 1.12300878970797 -0.525709055122467
0.369 1.1907320103726 0.797546084583853 1.1174077600025 -0.532862611053791
0.37 1.19184662926325 0.797009660068307 1.11183466554923 -0.539980488476062
0.371 1.19295568896899 0.796466135440411 1.10628936702051 -0.547062865336584
0.372 1.19405921721638 0.795915546112124 1.10077172578358 -0.55410991869515
0.373 1.19515724159367 0.795357927318786 1.09528160389712 -0.561121824728459
0.374 1.19624978955153 0.79479331412 1.08981886410781 -0.568098758734529
0.375 1.19733688840372 0.794221741400509 1.08438336984687 -0.575040895137072
0.376 1.19841856532777 0.793643243871066 1.07897498522665 -0.58194840748986
0.377 1.19949484736564 0.793057856069307 1.07359357503726 -0.588821468481061
0.378 1.20056576142446 0.792465612360606 1.06823900474315 -0.595660249937559
0.379 1.20163133427713 0.791866546938944 1.06291114047981 -0.602464922829246
0.38 1.20269159256303 0.791260693827754 1.05760984905034 -0.609235657273299
0.381 1.20374656278866 0.79064808688078 1.05233499792217 -0.615972622538431
0.382 1.20479627132834 0.790028759782919 1.04708645522377 -0.622675987049125
0.383 1.20584074442484 0.789402746051063 1.04186408974128 -0.629345918389843
0.384 1.20688000819004 0.788770079034937 1.0366677709153 -0.635982583309216
0.385 1.20791408860558 0.788130791917937 1.03149736883758 -0.642586147724213
0.386 1.20894301152353 0.787484917717952 1.02635275424781 -0.649156776724287
0.387 1.20996680266702 0.786832489288196 1.02123379853035 -0.655694634575506
0.388 1.21098548763089 0.786173539318026 1.01614037371105 -0.662199884724657
0.389 1.21199909188229 0.785508100333761 1.01107235245401 -0.668672689803331
0.39 1.21300764076141 0.784836204699493 1.00602960805844 -0.675113211631995
0.391 1.214011159482 0.7841578846179 1.00101201445547 -0.681521611224028
0.392 1.2150096731321 0.783473172131045 0.996019446204998 -0.687898048789754
0.393 1.21600320667458 0.782782099121183 0.991051778492558 -0.694242683740445
0.394 1.21699178494786 0.782084697311555 0.986108887126197 -0.700555674692304
0.395 1.21797543266642 0.781380998267181 0.981190648533374 -0.706837179470434
0.396 1.21895417442152 0.780671033395651 0.976296939757868 -0.713087355112782
0.397 1.21992803468175 0.779954833947907 0.971427638456705 -0.719306357874065
0.398 1.22089703779368 0.779232431019029 0.966582622897099 -0.725494343229675
0.399 1.22186120798241 0.778503855549008 0.961761771953408 -0.731651465879568
0.4 1.22282056935227 0.777769138323521 0.956964965104108 -0.737777879752132
0.401 1.22377514588734 0.777028309974701 0.952192082428777 -0.743873738008032
0.402 1.22472496145207 0.776281400981903 0.9474430046051 -0.749939193044043
0.403 1.22567003979192 0.775528441672465 0.942717612905885 -0.755974396496855
0.404 1.22661040453388 0.774769462222468 0.938015789196092 -0.76197949924687
0.405 1.22754607918712 0.774004492657488 0.933337415929884 -0.76795465142197
0.406 1.22847708714356 0.773233562853348 0.928682376147685 -0.773900002401269
0.407 1.22940345167844 0.772456702536865 0.92405055347326 -0.779815700818852
0.408 1.23032519595094 0.771673941286592 0.919441832110798 -0.785701894567487
0.409 1.23124234300469 0.77088530853356 0.914856096842027 -0.791558730802326
0.41 1.23215491576843 0.77009083356201 0.910293233023326 -0.797386355944578
0.411 1.23306293705652 0.76929054551013 0.905753126582862 -0.803184915685176
0.412 1.23396642956955 0.768484473370777 0.901235664017737 -0.808954554988415
0.413 1.23486541589486 0.76767264599221 0.896740732391152 -0.814695418095579
0.414 1.23575991850718 0.766855092078803 0.892268219329582 -0.820407648528543
0.415 1.2366499597691 0.766031840191768 0.887818013019967 -0.826091389093367
0.416 1.23753556193171 0.765202918749866 0.883390002206919 -0.831746781883861
0.417 1.23841674713511 0.764368356030122 0.878984076189935 -0.837373968285138
0.418 1.23929353740897 0.763528180168525 0.874600124820637 -0.842973088977153
0.419 1.24016595467309 0.762682419160737 0.870238038500011 -0.848544283938213
0.42 1.24103402073796 0.761831100862791 0.865897708175673 -0.854087692448483
0.421 1.24189775730527 0.760974252991787 0.861579025339138 -0.859603453093465
0.422 1.24275718596847 0.760111903126587 0.857281882023111 -0.865091703767462
0.423 1.24361232821334 0.7592440787085 0.853006170798784 -0.870552581677026
0.424 1.24446320541846 0.758370807041973 0.848751784773155 -0.875986223344391
0.425 1.24530983885583 0.75749211529527 0.84451861758635 -0.88139276461088
0.426 1.2461522496913 0.756608030501155 0.840306563408971 -0.886772340640306
0.427 1.24699045898521 0.755718579557565 0.836115516939444 -0.892125085922352
0.428 1.24782448769282 0.75482378922828 0.831945373401387 -0.897451134275926
0.429 1.2486543566649 0.753923686143598 0.827796028540996 -0.902750618852517
0.43 1.24948008664821 0.753018296800997 0.823667378624433 -0.908023672139514
0.431 1.25030169828605 0.752107647565799 0.819559320435234 -0.913270425963524
0.432 1.25111921211875 0.751191764671827 0.815471751271733 -0.918491011493665
0.433 1.2519326485842 0.750270674222064 0.811404568944485 -0.92368555924485
0.434 1.25274202801835 0.749344402189302 0.807357671773722 -0.928854199081039
0.435 1.25354737065573 0.748412974416794 0.803330958586803 -0.933997060218501
0.436 1.25434869662996 0.7474764166189 0.799324328715689 -0.93911427122903
0.437 1.25514602597421 0.746534754381728 0.795337681994424 -0.944205960043169
0.438 1.25593937862177 0.745588013163775 0.791370918756633 -0.949272253953403
0.439 1.25672877440649 0.744636218296563 0.787423939833028 -0.954313279617344
0.44 1.25751423306331 0.743679394985273 0.783496646548931 -0.959329163060895
0.441 1.25829577422873 0.742717568309375 0.779588940721804 -0.964320029681406
0.442 1.25907341744134 0.741750763223254 0.775700724658799 -0.969286004250799
0.443 1.25984718214223 0.740779004556834 0.771831901154312 -0.974227210918699
0.444 1.26061708767558 0.7398023170162 0.767982373487554 -0.979143773215529
0.445 1.26138315328907 0.738820725184215 0.764152045420131 -0.984035814055604
0.446 1.26214539813437 0.737834253521134 0.760340821193644 -0.988903455740199
0.447 1.26290384126764 0.736842926365216 0.756548605527288 -0.993746819960609
0.448 1.26365850165 0.735846767933333 0.752775303615473 -0.998566027801192
0.449 1.264409398148 0.734845802321573 0.749020821125456 -1.0033611997424
0.45 1.2651565495341 0.733840053505848 0.745285064194979 -1.00813245566377
0.451 1.26589997448711 0.732829545342485 0.741567939429923 -1.01287991484696
0.452 1.2666396915927 0.731814301568831 0.737869353901977 -1.01760369597868
0.453 1.26737571934383 0.73079434580384 0.734189215146308 -1.02230391715373
0.454 1.26810807614124 0.729769701548667 0.730527431159258 -1.02698069587787
0.455 1.26883678029389 0.728740392187255 0.726883910396035 -1.0316341490708
0.456 1.26956185001941 0.727706440986918 0.72325856176843 -1.03626439306912
0.457 1.27028330344459 0.726667871098923 0.719651294642539 -1.04087154362915
0.458 1.2710011586058 0.725624705559073 0.716062018836497 -1.04545571592989
0.459 1.27171543344945 0.724576967288275 0.71249064461822 -1.05001702457591
0.46 1.27242614583246 0.723524679093122 0.708937082703167 -1.05455558360014
0.461 1.27313331352267 0.722467863666455 0.705401244252106 -1.0590715064668
0.462 1.27383695419932 0.721406543587935 0.701883040868891 -1.0635649060742
0.463 1.27453708545344 0.720340741324608 0.698382384598254 -1.06803589475757
0.464 1.27523372478837 0.719270479231463 0.694899187923606 -1.07248458429185
0.465 1.27592688962013 0.718195779551995 0.691433363764849 -1.07691108589451
0.466 1.27661659727786 0.717116664418758 0.687984825476198 -1.08131551022832
0.467 1.27730286500429 0.716033155853919 0.684553486844017 -1.08569796740412
0.468 1.27798570995616 0.714945275769809 0.68113926208466 -1.09005856698357
0.469 1.27866514920463 0.713853045969472 0.677742065842332 -1.09439741798189
0.47 1.27934119973571 0.712756488147209 0.674361813186949 -1.09871462887057
0.471 1.28001387845069 0.711655623889118 0.670998419612018 -1.10301030758012
0.472 1.28068320216659 0.710550474673639 0.667651801032526 -1.10728456150272
0.473 1.28134918761653 0.709441061872084 0.664321873782833 -1.11153749749495
0.474 1.28201185145018 0.708327406749178 0.661008554614585 -1.11576922188042
0.475 1.28267121023417 0.707209530463588 0.65771176069463 -1.11997984045247
0.476 1.28332728045251 0.70608745406845 0.654431409602948 -1.12416945847678
0.477 1.28398007850698 0.704961198511898 0.651167419330591 -1.12833818069402
0.478 1.28462962071757 0.703830784637586 0.647919708277632 -1.13248611132246
0.479 1.28527592332287 0.702696233185211 0.644688195251126 -1.13661335406058
0.48 1.28591900248048 0.701557564791029 0.641472799463079 -1.14072001208967
0.481 1.28655887426741 0.700414799988373 0.638273440528429 -1.14480618807639
0.482 1.28719555468049 0.699267959208166 0.635090038463035 -1.14887198417536
0.483 1.28782905963676 0.698117062779431 0.631922513681681 -1.15291750203168
0.484 1.28845940497388 0.696962130929799 0.628770786996081 -1.15694284278352
0.485 1.28908660645051 0.695803183786015 0.625634779612904 -1.16094810706461
0.486 1.28971067974673 0.694640241374444 0.622514413131803 -1.16493339500675
0.487 1.2903316404644 0.693473323621565 0.619409609543453 -1.16889880624235
0.488 1.29094950412757 0.692302450354477 0.616320291227603 -1.17284443990691
0.489 1.29156428618287 0.691127641301389 0.613246380951133 -1.17677039464147
0.49 1.29217600199987 0.689948916092116 0.610187801866127 -1.18067676859511
0.491 1.29278466687151 0.688766294258567 0.607144477507948 -1.18456365942737
0.492 1.29339029601443 0.687579795235238 0.604116331793329 -1.18843116431072
0.493 1.2939929045694 0.686389438359694 0.601103289018469 -1.192279379933
0.494 1.29459250760167 0.685195242873052 0.598105273857143 -1.19610840249979
0.495 1.29518912010133 0.683997227920466 0.595122211358814 -1.19991832773686
0.496 1.29578275698374 0.6827954125516 0.592154026946765 -1.20370925089253
0.497 1.29637343308985 0.681589815721112 0.589200646416231 -1.20748126674009
0.498 1.29696116318659 0.680380456289118 0.586261995932545 -1.21123446958012
0.499 1.29754596196724 0.679167353021672 0.583338002029292 -1.21496895324289
0.5 1.2981278440518 0.677950524591232 0.580428591606472 -1.21868481109069
0.501 1.29870682398736 0.676729989577125 0.577533691928672 -1.22238213602015
0.502 1.29928291624844 0.675505766466015 0.574653230623251 -1.2260610204646
0.503 1.29985613523739 0.674277873652362 0.571787135678525 -1.22972155639634
0.504 1.3004264952847 0.673046329438883 0.568935335441972 -1.23336383532895
0.505 1.30099401064941 0.671811152037013 0.566097758618437 -1.23698794831959
0.506 1.30155869551942 0.670572359567352 0.563274334268352 -1.24059398597129
0.507 1.3021205640119 0.669329970060128 0.56046499180596 -1.24418203843517
0.508 1.30267963017358 0.668084001455639 0.557669660997555 -1.24775219541272
0.509 1.30323590798115 0.666834471604708 0.55488827195972 -1.25130454615807
0.51 1.30378941134158 0.665581398269125 0.552120755157584 -1.25483917948016
0.511 1.30434015409248 0.664324799122095 0.549367041403084 -1.258356183745
0.512 1.30488815000245 0.663064691748674 0.546627061853231 -1.2618556468779
0.513 1.30543341277142 0.661801093646216 0.543900748008395 -1.26533765636561
0.514 1.30597595603098 0.660534022224804 0.541188031710588 -1.26880229925855
0.515 1.30651579334474 0.659263494807687 0.53848884514176 -1.27224966217296
0.516 1.30705293820867 0.657989528631717 0.535803120822107 -1.27567983129312
0.517 1.30758740405142 0.656712140847776 0.533130791608381 -1.27909289237341
0.518 1.30811920423465 0.655431348521204 0.530471790692212 -1.28248893074055
0.519 1.30864835205341 0.654147168632228 0.52782605159844 -1.28586803129567
0.52 1.30917486073641 0.652859618076386 0.525193508183448 -1.28923027851646
0.521 1.30969874344639 0.65156871366495 0.522574094633515 -1.29257575645928
0.522 1.31022001328046 0.650274472125343 0.519967745463165 -1.29590454876124
0.523 1.31073868327039 0.648976910101563 0.517374395513534 -1.29921673864234
0.524 1.31125476638295 0.647676044154592 0.514793979950736 -1.30251240890749
0.525 1.31176827552025 0.646371890762818 0.51222643426425 -1.30579164194862
0.526 1.31227922352004 0.645064466322438 0.509671694265299 -1.30905451974672
0.527 1.31278762315605 0.643753787147877 0.50712969608525 -1.31230112387391
0.528 1.31329348713829 0.642439869472188 0.504600376174016 -1.31553153549547
0.529 1.3137968281134 0.641122729447463 0.502083671298468 -1.31874583537184
0.53 1.31429765866492 0.639802383145236 0.499579518540853 -1.32194410386071
0.531 1.31479599131365 0.638478846556881 0.49708785529722 -1.32512642091893
0.532 1.31529183851792 0.637152135594018 0.49460861927586 -1.32829286610462
0.533 1.31578521267395 0.635822266088904 0.492141748495743 -1.33144351857905
0.534 1.3162761261161 0.634489253794836 0.489687181284971 -1.33457845710871
0.535 1.31676459111725 0.633153114386539 0.487244856279236 -1.33769776006723
0.536 1.31725061988904 0.63181386346056 0.484814712420284 -1.34080150543733
0.537 1.31773422458222 0.630471516535659 0.482396688954394 -1.34388977081282
0.538 1.31821541728692 0.629126089053193 0.479990725430853 -1.34696263340049
0.539 1.31869421003301 0.627777596377509 0.477596761700447 -1.35002017002207
0.54 1.3191706147903 0.626426053796321 0.475214737913959 -1.35306245711613
0.541 1.31964464346896 0.625071476521096 0.472844594520669 -1.35608957074001
0.542 1.32011630791972 0.623713879687434 0.470486272266869 -1.3591015865717
0.543 1.32058561993422 0.622353278355446 0.468139712194381 -1.36209857991176
0.544 1.32105259124528 0.620989687510128 0.46580485563908 -1.36508062568517
0.545 1.32151723352721 0.619623122061743 0.46348164422943 -1.36804779844324
0.546 1.32197955839609 0.618253596846183 0.461170019885026 -1.37100017236544
0.547 1.32243957741007 0.61688112662535 0.458869924815138 -1.37393782126128
0.548 1.32289730206964 0.615505726087518 0.456581301517271 -1.37686081857212
0.549 1.32335274381795 0.614127409847705 0.454304092775721 -1.37976923737305
0.55 1.32380591404106 0.612746192448034 0.452038241660153 -1.3826631503747
0.551 1.32425682406826 0.611362088358102 0.449783691524169 -1.38554262992504
0.552 1.32470548517232 0.609975111975335 0.4475403860039 -1.3884077480112
0.553 1.32515190856978 0.608585277625354 0.445308269016591 -1.3912585762613
0.554 1.32559610542126 0.60719259956233 0.4430872847592 -1.39409518594618
0.555 1.32603808683169 0.605797091969341 0.440877377707006 -1.39691764798124
0.556 1.32647786385065 0.604398768958726 0.438678492612216 -1.39972603292816
0.557 1.32691544747258 0.60299764457244 0.43649057450259 -1.40252041099673
0.558 1.32735084863708 0.601593732782402 0.43431356868006 -1.40530085204654
0.559 1.32778407822922 0.600187047490846 0.432147420719368 -1.40806742558876
0.56 1.32821514707975 0.598777602530669 0.429992076466702 -1.41082020078787
0.561 1.32864406596543 0.597365411665774 0.427847482038342 -1.4135592464634
0.562 1.32907084560923 0.59595048859142 0.425713583819318 -1.41628463109163
0.563 1.32949549668068 0.594532846934558 0.423590328462061 -1.41899642280732
0.564 1.32991802979608 0.593112500254174 0.421477662885078 -1.4216946894054
0.565 1.33033845551877 0.59168946204163 0.419375534271619 -1.42437949834268
0.566 1.33075678435942 0.590263745720999 0.417283890068359 -1.42705091673952
0.567 1.33117302677628 0.588835364649399 0.415202677984085 -1.42970901138153
0.568 1.33158719317542 0.587404332117333 0.413131845988385 -1.43235384872119
0.569 1.33199929391102 0.585970661349014 0.411071342310353 -1.4349854948796
0.57 1.33240933928564 0.5845343655027 0.409021115437288 -1.43760401564803
0.571 1.33281733955041 0.583095457671023 0.406981114113412 -1.44020947648964
0.572 1.33322330490538 0.581653950881314 0.404951287338586 -1.4428019425411
0.573 1.33362724549969 0.58020985809593 0.402931584367035 -1.44538147861418
0.574 1.33402917143188 0.578763192212578 0.400921954706079 -1.44794814919742
0.575 1.33442909275012 0.577313966064639 0.398922348114872 -1.45050201845773
0.576 1.33482701945247 0.575862192421485 0.396932714603144 -1.45304315024195
0.577 1.3352229614871 0.574407883988801 0.394953004429956 -1.45557160807853
0.578 1.33561692875261 0.572951053408903 0.392983168102449 -1.45808745517904
0.579 1.33600893109817 0.571491713261052 0.391023156374613 -1.46059075443979
0.58 1.33639897832388 0.570029876061772 0.389072920246051 -1.46308156844339
0.581 1.33678708018094 0.568565554265158 0.38713241096076 -1.46555995946032
0.582 1.33717324637191 0.567098760263191 0.385201580005906 -1.46802598945048
0.583 1.33755748655097 0.565629506386046 0.383280379110615 -1.47047972006476
0.584 1.33793981032414 0.564157804902402 0.381368760244764 -1.47292121264654
0.585 1.33832022724954 0.562683668019747 0.379466675617783 -1.47535052823327
0.586 1.3386987468376 0.561207107884686 0.377574077677455 -1.47776772755796
0.587 1.33907537855135 0.559728136583239 0.375690919108735 -1.48017287105072
0.588 1.33945013180658 0.558246766141149 0.37381715283256 -1.48256601884027
0.589 1.33982301597216 0.556763008524179 0.371952732004675 -1.48494723075543
0.59 1.3401940403702 0.555276875638416 0.370097610014464 -1.48731656632661
0.591 1.34056321427634 0.55378837933056 0.368251740483778 -1.48967408478733
0.592 1.34093054691994 0.552297531388229 0.366415077265784 -1.49201984507567
0.593 1.34129604748433 0.550804343540248 0.364587574443806 -1.49435390583577
0.594 1.34165972510706 0.549308827456946 0.362769186330178 -1.49667632541926
0.595 1.34202158888007 0.547810994750445 0.360959867465102 -1.49898716188676
0.596 1.34238164784999 0.546310856974951 0.359159572615514 -1.50128647300929
0.597 1.34273991101831 0.544808425627044 0.357368256773947 -1.50357431626975
0.598 1.34309638734161 0.543303712145964 0.355585875157412 -1.50585074886435
0.599 1.34345108573184 0.541796727913897 0.353812383206276 -1.50811582770402
0.6 1.34380401505647 0.540287484256262 0.352047736583148 -1.51036960941584
0.601 1.34415518413874 0.53877599244199 0.35029189117177 -1.51261215034448
0.602 1.34450460175791 0.53726226368381 0.348544803075916 -1.51484350655358
0.603 1.34485227664944 0.535746309138525 0.346806428618293 -1.51706373382715
0.604 1.34519821750521 0.534228139907295 0.345076724339447 -1.51927288767101
0.605 1.34554243297376 0.532707767035914 0.343355646996683 -1.5214710233141
0.606 1.3458849316605 0.53118520151508 0.341643153562978 -1.52365819570993
0.607 1.34622572212791 0.52966045428068 0.339939201225905 -1.52583445953793
0.608 1.34656481289578 0.528133536214055 0.338243747386567 -1.5279998692048
0.609 1.34690221244139 0.526604458142276 0.336556749658532 -1.53015447884591
0.61 1.34723792919974 0.525073230838414 0.334878165866767 -1.5322983423266
0.611 1.34757197156378 0.523539865021808 0.33320795404659 -1.53443151324357
0.612 1.34790434788457 0.522004371358335 0.331546072442619 -1.5365540449262
0.613 1.34823506647155 0.520466760460676 0.329892479507727 -1.53866599043791
0.614 1.34856413559269 0.51892704288858 0.328247133902004 -1.54076740257743
0.615 1.34889156347475 0.51738522914913 0.326609994491726 -1.54285833388018
0.616 1.34921735830343 0.515841329697005 0.32498102034832 -1.54493883661955
0.617 1.34954152822363 0.514295354934739 0.32336017074735 -1.54700896280822
0.618 1.3498640813396 0.512747315212985 0.321747405167489 -1.54906876419945
0.619 1.35018502571519 0.511197220830771 0.320142683289516 -1.55111829228838
0.62 1.35050436937404 0.50964508203576 0.318545964995299 -1.55315759831333
0.621 1.35082212029974 0.508090909024502 0.316957210366798 -1.55518673325704
0.622 1.35113828643608 0.506534711942694 0.315376379685064 -1.557205747848
0.623 1.35145287568725 0.504976500885429 0.313803433429248 -1.55921469256167
0.624 1.35176589591797 0.503416285897452 0.312238332275612 -1.56121361762179
0.625 1.35207735495379 0.501854076973409 0.310681037096545 -1.56320257300158
0.626 1.35238726058118 0.500289884058098 0.309131508959587 -1.56518160842502
0.627 1.3526956205478 0.498723717046717 0.307589709126454 -1.56715077336811
0.628 1.35300244256268 0.49715558578511 0.306055599052069 -1.56911011706008
0.629 1.35330773429637 0.495585500070016 0.304529140383601 -1.57105968848461
0.63 1.35361150338119 0.494013469649314 0.303010294959503 -1.5729995363811
0.631 1.35391375741138 0.492439504222262 0.301499024808561 -1.57492970924584
0.632 1.35421450394331 0.490863613439745 0.299995292148942 -1.57685025533326
0.633 1.35451375049564 0.489285806904514 0.298499059387252 -1.5787612226571
0.634 1.35481150454958 0.487706094171425 0.297010289117593 -1.58066265899165
0.635 1.35510777354897 0.486124484747679 0.295528944120632 -1.58255461187293
0.636 1.35540256490056 0.484540988093061 0.294054987362666 -1.58443712859984
0.637 1.35569588597416 0.482955613620174 0.292588381994699 -1.5863102562354
0.638 1.35598774410279 0.481368370694675 0.291129091351521 -1.58817404160791
0.639 1.35627814658294 0.479779268635512 0.28967707895079 -1.59002853131209
0.64 1.35656710067467 0.47818831671515 0.288232308492119 -1.59187377171028
0.641 1.35685461360186 0.476595524159813 0.286794743856174 -1.5937098089336
0.642 1.35714069255234 0.475000900149706 0.285364349103762 -1.59553668888306
0.643 1.35742534467811 0.473404453819245 0.28394108847494 -1.59735445723076
0.644 1.35770857709547 0.471806194257294 0.282524926388119 -1.599163159421
0.645 1.35799039688526 0.470206130507381 0.281115827439172 -1.60096284067143
0.646 1.35827081109298 0.468604271567931 0.279713756400553 -1.60275354597419
0.647 1.35854982672901 0.46700062639249 0.278318678220412 -1.60453532009698
0.648 1.35882745076875 0.465395203889946 0.276930558021723 -1.60630820758426
0.649 1.35910369015281 0.463788012924757 0.275549361101407 -1.60807225275831
0.65 1.3593785517872 0.462179062317165 0.274175052929471 -1.60982749972035
0.651 1.35965204254347 0.460568360843424 0.272807599148138 -1.61157399235165
0.652 1.3599241692589 0.458955917236015 0.271446965570992 -1.61331177431461
0.653 1.36019493873667 0.457341740183867 0.270093118182124 -1.61504088905386
0.654 1.36046435774604 0.45572583833257 0.268746023135277 -1.61676137979738
0.655 1.36073243302249 0.454108220284597 0.267405646753006 -1.61847328955752
0.656 1.36099917126793 0.452488894599515 0.266071955525831 -1.6201766611321
0.657 1.36126457915081 0.450867869794198 0.264744916111402 -1.62187153710552
0.658 1.36152866330636 0.449245154343044 0.263424495333665 -1.62355795984975
0.659 1.36179143033669 0.447620756678186 0.262110660182031 -1.62523597152546
0.66 1.36205288681098 0.445994685189697 0.260803377810554 -1.62690561408302
0.661 1.36231303926567 0.444366948225809 0.259502615537105 -1.62856692926358
0.662 1.36257189420458 0.442737554093116 0.25820834084256 -1.63021995860011
0.663 1.3628294580991 0.44110651105678 0.256920521369985 -1.63186474341843
0.664 1.36308573738833 0.439473827340743 0.255639124923825 -1.63350132483824
0.665 1.36334073847927 0.437839511127929 0.254364119469103 -1.63512974377418
0.666 1.36359446774697 0.43620357056045 0.253095473130616 -1.63675004093678
0.667 1.36384693153467 0.434566013739808 0.251833154192139 -1.63836225683357
0.668 1.36409813615397 0.432926848727101 0.250577131095633 -1.63996643177003
0.669 1.364348087885 0.431286083543218 0.249327372440456 -1.64156260585062
0.67 1.36459679297658 0.429643726169048 0.248083846982575 -1.64315081897977
0.671 1.36484425764634 0.427999784545672 0.24684652363379 -1.64473111086289
0.672 1.3650904880809 0.426354266574566 0.245615371460953 -1.64630352100736
0.673 1.36533549043606 0.424707180117798 0.244390359685194 -1.64786808872352
0.674 1.36557927083686 0.423058532998221 0.243171457681156 -1.64942485312564
0.675 1.36582183537785 0.421408332999676 0.241958634976226 -1.65097385313291
0.676 1.36606319012314 0.419756587867177 0.240751861249772 -1.65251512747041
0.677 1.36630334110662 0.418103305307112 0.239551106332388 -1.65404871467009
0.678 1.36654229433207 0.416448492987434 0.238356340205139 -1.6555746530717
0.679 1.36678005577333 0.41479215853785 0.23716753299881 -1.65709298082378
0.68 1.36701663137446 0.413134309550015 0.235984654993158 -1.6586037358846
0.681 1.36725202704986 0.411474953577719 0.234807676616172 -1.66010695602313
0.682 1.36748624868443 0.40981409813708 0.233636568443331 -1.66160267881993
0.683 1.36771930213372 0.408151750706727 0.23247130119687 -1.66309094166816
0.684 1.36795119322409 0.406487918727989 0.231311845745046 -1.66457178177448
0.685 1.36818192775281 0.404822609605083 0.230158173101414 -1.66604523615994
0.686 1.36841151148828 0.403155830705295 0.229010254424096 -1.66751134166101
0.687 1.36863995017008 0.401487589359169 0.227868061015067 -1.66897013493038
0.688000000000001 1.36886724950921 0.399817892860687 0.226731564319431 -1.67042165243796
0.689000000000001 1.36909341518815 0.398146748467449 0.225600735924712 -1.67186593047178
0.690000000000001 1.36931845286107 0.396474163400863 0.224475547560141 -1.67330300513885
0.691000000000001 1.3695423681539 0.394800144846316 0.223355971095951 -1.67473291236611
0.692000000000001 1.36976516666456 0.39312469995336 0.222241978542671 -1.67615568790133
0.693000000000001 1.36998685396301 0.391447835835886 0.22113354205043 -1.67757136731396
0.694000000000001 1.37020743559144 0.389769559572307 0.220030633908258 -1.67897998599606
0.695000000000001 1.37042691706442 0.38808987820573 0.218933226543393 -1.68038157916318
0.696000000000001 1.37064530386898 0.386408798744136 0.217841292520595 -1.68177618185521
0.697000000000001 1.3708626014648 0.384726328160554 0.216754804541455 -1.6831638289373
0.698000000000001 1.37107881528435 0.383042473393233 0.215673735443719 -1.6845445551007
0.699000000000001 1.37129395073297 0.381357241345818 0.214598058200601 -1.68591839486362
0.700000000000001 1.37150801318907 0.379670638887522 0.213527745920116 -1.68728538257214
0.701000000000001 1.37172100800422 0.377982672853298 0.2124627718444 -1.68864555240102
0.702000000000001 1.37193294050329 0.37629335004401 0.211403109349045 -1.68999893835458
0.703000000000001 1.37214381598461 0.374602677226601 0.210348731942435 -1.69134557426753
0.704000000000001 1.37235363972008 0.372910661134265 0.20929961326508 -1.69268549380585
0.705000000000001 1.3725624169553 0.371217308466612 0.208255727088956 -1.69401873046759
0.706000000000001 1.37277015290972 0.369522625889843 0.207217047316857 -1.69534531758374
0.707000000000001 1.37297685277675 0.367826620036904 0.206183547981733 -1.69666528831905
0.708000000000001 1.37318252172389 0.366129297507663 0.205155203246048 -1.69797867567285
0.709000000000001 1.37338716489287 0.364430664869072 0.204131987401129 -1.69928551247989
0.710000000000001 1.37359078739979 0.362730728655327 0.203113874866527 -1.70058583141116
0.711000000000001 1.37379339433522 0.361029495368037 0.202100840189375 -1.70187966497471
0.712000000000001 1.37399499076434 0.359326971476383 0.201092858043754 -1.70316704551644
0.713000000000001 1.37419558172708 0.357623163417281 0.200089903230058 -1.70444800522094
0.714000000000001 1.37439517223822 0.355918077595544 0.199091950674364 -1.70572257611225
0.715000000000001 1.37459376728753 0.354211720384038 0.198098975427806 -1.70699079005472
0.716000000000001 1.3747913718399 0.352504098123847 0.197110952665951 -1.70825267875377
0.717000000000001 1.37498799083546 0.350795217124427 0.19612785768818 -1.70950827375667
0.718000000000001 1.37518362918968 0.349085083663767 0.195149665917065 -1.71075760645337
0.719000000000001 1.37537829179354 0.347373703988543 0.194176352897763 -1.71200070807725
0.720000000000001 1.37557198351362 0.345661084314276 0.193207894297396 -1.71323760970591
0.721000000000001 1.37576470919221 0.343947230825487 0.19224426590445 -1.71446834226197
0.722000000000001 1.37595647364746 0.342232149675852 0.191285443628164 -1.71569293651379
0.723000000000001 1.37614728167351 0.340515846988354 0.190331403497931 -1.7169114230763
0.724000000000001 1.37633713804056 0.33879832885544 0.189382121662699 -1.71812383241173
0.725000000000001 1.37652604749502 0.337079601339168 0.188437574390373 -1.71933019483037
0.726000000000001 1.37671401475965 0.335359670471363 0.18749773806722 -1.72053054049135
0.727000000000001 1.37690104453364 0.333638542253767 0.186562589197285 -1.72172489940336
0.728000000000001 1.37708714149274 0.331916222658185 0.185632104401797 -1.72291330142546
0.729000000000001 1.37727231028938 0.330192717626641 0.184706260418586 -1.72409577626773
0.730000000000001 1.37745655555279 0.32846803307152 0.183785034101507 -1.72527235349213
0.731000000000001 1.37763988188912 0.326742174875723 0.182868402419852 -1.72644306251314
0.732000000000001 1.37782229388154 0.325015148892804 0.181956342457782 -1.72760793259855
0.733000000000001 1.37800379609035 0.323286960947128 0.18104883141375 -1.72876699287017
0.734000000000001 1.37818439305311 0.321557616834008 0.180145846599934 -1.72992027230457
0.735000000000001 1.37836408928476 0.319827122319853 0.179247365441665 -1.73106779973379
0.736000000000001 1.37854288927772 0.318095483142311 0.178353365476868 -1.73220960384609
0.737000000000001 1.378720797502 0.316362705010416 0.177463824355497 -1.73334571318661
0.738000000000001 1.3788978184053 0.314628793604726 0.176578719838977 -1.73447615615816
0.739000000000001 1.37907395641316 0.312893754577467 0.175698029799651 -1.73560096102187
0.740000000000001 1.37924921592905 0.311157593552677 0.17482173222022 -1.73672015589791
0.741000000000001 1.37942360133445 0.309420316126339 0.173949805193201 -1.73783376876623
0.742000000000001 1.37959711698902 0.307681927866532 0.173082226920371 -1.73894182746719
0.743000000000001 1.37976976723065 0.305942434313559 0.172218975712229 -1.74004435970233
0.744000000000001 1.37994155637561 0.304201840980093 0.171360029987449 -1.741141393035
0.745000000000001 1.38011248871863 0.302460153351313 0.170505368272344 -1.7422329548911
0.746000000000001 1.38028256853303 0.300717376885039 0.169654969200326 -1.74331907255972
0.747000000000001 1.38045180007082 0.29897351701187 0.168808811511375 -1.74439977319388
0.748000000000001 1.38062018756279 0.297228579135322 0.167966874051503 -1.74547508381114
0.749000000000001 1.38078773521865 0.295482568631958 0.167129135772231 -1.74654503129432
0.750000000000001 1.38095444722708 0.293735490851526 0.166295575730058 -1.74760964239216
0.751000000000001 1.38112032775591 0.291987351117095 0.16546617308594 -1.74866894372001
0.752000000000001 1.38128538095214 0.290238154725181 0.164640907104766 -1.74972296176044
0.753000000000001 1.38144961094213 0.288487906945885 0.163819757154846 -1.75077172286396
0.754000000000001 1.38161302183162 0.286736613023024 0.163002702707386 -1.75181525324965
0.755000000000001 1.3817756177059 0.284984278174261 0.162189723335984 -1.75285357900584
0.756000000000001 1.38193740262987 0.283230907591235 0.161380798716113 -1.75388672609071
0.757000000000001 1.38209838064817 0.281476506439692 0.160575908624615 -1.75491472033299
0.758000000000001 1.38225855578526 0.279721079859615 0.159775032939195 -1.75593758743261
0.759000000000001 1.38241793204551 0.277964632965349 0.158978151637921 -1.75695535296128
0.760000000000001 1.38257651341335 0.276207170845733 0.158185244798718 -1.7579680423632
0.761000000000001 1.38273430385332 0.274448698564224 0.157396292598874 -1.75897568095565
0.762000000000001 1.38289130731019 0.272689221159027 0.156611275314542 -1.75997829392966
0.763000000000001 1.38304752770905 0.270928743643215 0.155830173320251 -1.76097590635061
0.764000000000001 1.38320296895541 0.269167271004862 0.155052967088408 -1.76196854315884
0.765000000000001 1.38335763493533 0.267404808207162 0.154279637188818 -1.76295622917034
0.766000000000001 1.38351152951546 0.265641360188554 0.153510164288193 -1.7639389890773
0.767000000000001 1.38366465654316 0.263876931862851 0.152744529149671 -1.76491684744878
0.768000000000001 1.38381701984663 0.262111528119352 0.151982712632333 -1.76588982873129
0.769000000000001 1.38396862323495 0.260345153822975 0.151224695690727 -1.76685795724941
0.770000000000001 1.38411947049822 0.258577813814372 0.150470459374389 -1.76782125720639
0.771000000000001 1.38426956540762 0.256809512910054 0.149719984827373 -1.7687797526848
0.772000000000001 1.38441891171554 0.255040255902506 0.148973253287775 -1.76973346764706
0.773000000000001 1.38456751315564 0.253270047560316 0.148230246087268 -1.77068242593611
0.774000000000001 1.38471537344297 0.251498892628283 0.147490944650634 -1.77162665127595
0.775000000000001 1.38486249627404 0.249726795827544 0.146755330495298 -1.77256616727225
0.776000000000001 1.38500888532692 0.247953761855689 0.146023385230868 -1.77350099741298
0.777000000000001 1.38515454426136 0.246179795386878 0.145295090558674 -1.77443116506892
0.778000000000001 1.38529947671883 0.24440490107196 0.144570428271312 -1.77535669349433
0.779000000000001 1.38544368632266 0.242629083538586 0.143849380252186 -1.77627760582746
0.780000000000001 1.38558717667808 0.240852347391327 0.143131928475058 -1.77719392509117
0.781000000000001 1.38572995137238 0.239074697211789 0.142418055003597 -1.77810567419348
0.782000000000001 1.38587201397491 0.237296137558728 0.141707741990929 -1.77901287592817
0.783000000000001 1.38601336803726 0.235516672968161 0.141000971679192 -1.77991555297534
0.784000000000001 1.38615401709328 0.233736307953483 0.14029772639909 -1.78081372790194
0.785000000000001 1.3862939646592 0.231955047005578 0.139597988569455 -1.78170742316242
0.786000000000001 1.38643321423373 0.230172894592931 0.138901740696805 -1.78259666109919
0.787000000000001 1.38657176929811 0.228389855161742 0.138208965374907 -1.78348146394324
0.788000000000001 1.38670963331623 0.226605933136034 0.137519645284342 -1.7843618538147
0.789000000000001 1.38684680973468 0.224821132917766 0.136833763192071 -1.78523785272336
0.790000000000001 1.38698330198289 0.223035458886941 0.136151301951007 -1.78610948256923
0.791000000000001 1.38711911347318 0.221248915401717 0.135472244499583 -1.78697676514312
0.792000000000001 1.38725424760083 0.219461506798517 0.134796573861327 -1.78783972212711
0.793000000000001 1.38738870774421 0.217673237392134 0.134124273144439 -1.7886983750952
0.794000000000001 1.38752249726482 0.215884111475841 0.133455325541365 -1.78955274551374
0.795000000000001 1.38765561950742 0.214094133321502 0.13278971432838 -1.79040285474204
0.796000000000001 1.38778807780006 0.212303307179669 0.132127422865169 -1.79124872403287
0.797000000000001 1.38791987545421 0.210511637279698 0.131468434594412 -1.79209037453302
0.798000000000001 1.38805101576482 0.208719127829851 0.130812733041367 -1.79292782728379
0.799000000000001 1.3881815020104 0.2069257830174 0.130160301813461 -1.79376110322153
0.800000000000001 1.38831133745312 0.205131607008734 0.129511124599879 -1.7945902231782
0.801000000000001 1.38844052533886 0.203336603949461 0.128865185171158 -1.79541520788183
0.802000000000001 1.38856906889734 0.201540777964512 0.128222467378778 -1.79623607795709
0.803000000000001 1.38869697134214 0.199744133158247 0.127582955154761 -1.79705285392577
0.804000000000001 1.38882423587084 0.197946673614555 0.126946632511268 -1.79786555620731
0.805000000000001 1.38895086566506 0.196148403396955 0.126313483540199 -1.79867420511931
0.806000000000001 1.38907686389054 0.1943493265487 0.125683492412797 -1.79947882087803
0.807000000000001 1.38920223369724 0.192549447092877 0.125056643379252 -1.80027942359892
0.808000000000001 1.38932697821943 0.190748769032508 0.124432920768305 -1.80107603329707
0.809000000000001 1.38945110057572 0.188947296350651 0.123812308986858 -1.80186866988779
0.810000000000001 1.38957460386918 0.187145033010495 0.123194792519584 -1.80265735318701
0.811000000000001 1.38969749118739 0.185341982955467 0.122580355928539 -1.80344210291187
0.812000000000001 1.38981976560254 0.183538150109323 0.121968983852777 -1.80422293868114
0.813000000000001 1.3899414301715 0.181733538376249 0.121360661007964 -1.80499988001578
0.814000000000001 1.3900624879359 0.17992815164096 0.120755372185997 -1.80577294633933
0.815000000000001 1.39018294192217 0.178121993768797 0.120153102254624 -1.80654215697852
0.816000000000001 1.39030279514168 0.17631506860582 0.119553836157065 -1.80730753116363
0.817000000000001 1.39042205059077 0.174507379978909 0.118957558911637 -1.80806908802907
0.818000000000001 1.39054071125082 0.172698931695855 0.118364255611377 -1.8088268466138
0.819000000000001 1.39065878008836 0.170889727545459 0.117773911423673 -1.80958082586183
0.820000000000001 1.39077626005512 0.169079771297626 0.117186511589888 -1.81033104462266
0.821000000000001 1.3908931540881 0.167269066703457 0.116602041424997 -1.81107752165181
0.822000000000001 1.39100946510965 0.165457617495344 0.116020486317214 -1.81182027561125
0.823000000000001 1.39112519602757 0.163645427387066 0.115441831727632 -1.81255932506986
0.824000000000001 1.39124034973512 0.161832500073878 0.114866063189855 -1.81329468850392
0.825000000000001 1.39135492911117 0.160018839232605 0.114293166309641 -1.81402638429755
0.826000000000001 1.39146893702019 0.158204448521732 0.113723126764538 -1.81475443074319
0.827000000000001 1.39158237631239 0.156389331581499 0.113155930303526 -1.81547884604203
0.828000000000001 1.39169524982376 0.154573492033992 0.112591562746666 -1.81619964830449
0.829000000000001 1.39180756037615 0.152756933483228 0.112030009984739 -1.81691685555067
0.830000000000001 1.39191931077732 0.150939659515251 0.111471257978896 -1.81763048571079
0.831000000000001 1.39203050382103 0.149121673698221 0.110915292760308 -1.81834055662563
0.832000000000001 1.39214114228713 0.147302979582497 0.110362100429816 -1.81904708604702
0.833000000000001 1.39225122894158 0.145483580700736 0.109811667157583 -1.81975009163821
0.834000000000001 1.39236076653655 0.143663480567972 0.109263979182749 -1.82044959097439
0.835000000000001 1.39246975781048 0.141842682681709 0.108719022813084 -1.82114560154307
0.836000000000001 1.39257820548816 0.140021190522007 0.108176784424653 -1.82183814074457
0.837000000000001 1.3926861122808 0.13819900755157 0.107637250461466 -1.82252722589238
0.838000000000001 1.39279348088607 0.13637613721583 0.107100407435147 -1.82321287421368
0.839000000000001 1.39290031398818 0.134552582943036 0.106566241924592 -1.82389510284971
0.840000000000001 1.39300661425797 0.132728348144339 0.106034740575636 -1.82457392885623
0.841000000000001 1.39311238435295 0.130903436213876 0.105505890100716 -1.82524936920391
0.842000000000001 1.39321762691739 0.129077850528855 0.104979677278544 -1.82592144077881
0.843000000000001 1.39332234458234 0.127251594449641 0.104456088953772 -1.82659016038274
0.844000000000001 1.39342653996576 0.125424671319839 0.103935112036664 -1.82725554473373
0.845000000000001 1.39353021567254 0.123597084466379 0.10341673350277 -1.82791761046643
0.846000000000001 1.39363337429458 0.121768837199594 0.1029009403926 -1.8285763741325
0.847000000000001 1.39373601841084 0.119939932813312 0.1023877198113 -1.82923185220109
0.848000000000001 1.39383815058743 0.118110374584928 0.101877058928327 -1.82988406105917
0.849000000000001 1.39393977337767 0.116280165775494 0.101368944977134 -1.830533017012
0.850000000000001 1.39404088932213 0.114449309629797 0.100863365254844 -1.83117873628352
0.851000000000001 1.39414150094871 0.112617809376439 0.10036030712194 -1.83182123501673
0.852000000000001 1.39424161077271 0.110785668227921 0.0998597580019403 -1.83246052927414
0.853000000000001 1.39434122129688 0.108952889380721 0.0993617053810919 -1.83309663503814
0.854000000000001 1.39444033501148 0.107119476015374 0.0988661368080531 -1.8337295682114
0.855000000000001 1.39453895439438 0.105285431296553 0.0983730398935839 -1.8343593446173
0.856000000000001 1.39463708191105 0.103450758373147 0.0978824023102355 -1.83498598000027
0.857000000000001 1.39473472001469 0.101615460378338 0.0973942117920429 -1.83560949002622
0.858000000000001 1.39483187114625 0.0997795404296831 0.0969084561342178 -1.83622989028295
0.859000000000001 1.39492853773453 0.0979430016291905 0.0964251231928434 -1.83684719628048
0.860000000000001 1.39502472219618 0.0961058470633966 0.0959442008845709 -1.83746142345152
0.861000000000001 1.39512042693583 0.0942680798034436 0.0954656771863176 -1.83807258715175
0.862000000000001 1.3952156543461 0.0924297029051562 0.0949895401349662 -1.83868070266031
0.863000000000001 1.39531040680768 0.0905907194091184 0.0945157778270655 -1.83928578518012
0.864000000000001 1.39540468668939 0.0887511323407491 0.0940443784185332 -1.83988784983828
0.865000000000001 1.39549849634822 0.0869109447103777 0.0935753301243596 -1.84048691168642
0.866000000000001 1.39559183812943 0.0850701595133196 0.0931086212183126 -1.84108298570113
0.867000000000001 1.39568471436657 0.0832287797299518 0.0926442400326456 -1.84167608678429
0.868000000000001 1.39577712738153 0.0813868083257852 0.0921821749578047 -1.84226622976346
0.869000000000001 1.39586907948467 0.0795442482515409 0.0917224144421389 -1.84285342939224
0.870000000000001 1.39596057297477 0.0777011024432233 0.0912649469916113 -1.84343770035065
0.871000000000001 1.39605161013919 0.075857373822193 0.0908097611695119 -1.8440190572455
0.872000000000001 1.39614219325386 0.0740130652952411 0.0903568455961714 -1.84459751461074
0.873000000000001 1.39623232458336 0.0721681797546603 0.0899061889486768 -1.84517308690783
0.874000000000001 1.39632200638098 0.0703227200783179 0.0894577799605887 -1.84574578852612
0.875000000000001 1.39641124088876 0.0684766891297277 0.0890116074216588 -1.84631563378317
0.876000000000001 1.39650003033759 0.0666300897581225 0.0885676601775505 -1.84688263692514
0.877000000000001 1.39658837694718 0.0647829247985232 0.0881259271295596 -1.84744681212715
0.878000000000001 1.39667628292623 0.0629351970718124 0.0876863972343367 -1.84800817349359
0.879000000000001 1.39676375047237 0.0610869093848023 0.0872490595036117 -1.84856673505854
0.880000000000001 1.39685078177231 0.059238064530307 0.0868139030039186 -1.84912251078607
0.881000000000001 1.39693737900183 0.0573886652872106 0.0863809168563221 -1.84967551457059
0.882000000000001 1.39702354432587 0.0555387144205377 0.0859500902361459 -1.85022576023722
0.883000000000001 1.39710927989855 0.0536882146815225 0.0855214123727023 -1.85077326154215
0.884000000000001 1.39719458786329 0.0518371688076773 0.0850948725490223 -1.85131803217292
0.885000000000001 1.39727947035278 0.049985579522861 0.084670460101588 -1.85186008574884
0.886000000000001 1.39736392948908 0.0481334495373469 0.0842481644200662 -1.85239943582127
0.887000000000001 1.39744796738369 0.0462807815478909 0.0838279749470428 -1.85293609587399
0.888000000000001 1.39753158613754 0.044427578237799 0.0834098811777591 -1.85347007932353
0.889000000000001 1.39761478784113 0.0425738422769941 0.0829938726598491 -1.8540013995195
0.890000000000001 1.39769757457448 0.0407195763220829 0.0825799389930782 -1.85453006974495
0.891000000000001 1.39777994840728 0.0388647830164217 0.0821680698290832 -1.85505610321664
0.892000000000001 1.39786191139887 0.0370094649901833 0.0817582548711136 -1.85557951308545
0.893000000000001 1.39794346559834 0.0351536248604225 0.0813504838737739 -1.85610031243664
0.894000000000001 1.39802461304454 0.0332972652311416 0.0809447466427681 -1.85661851429024
0.895000000000001 1.39810535576617 0.0314403886933554 0.0805410330346443 -1.85713413160131
0.896000000000001 1.39818569578179 0.0295829978251556 0.0801393329565411 -1.85764717726031
0.897000000000001 1.39826563509991 0.0277250951917762 0.0797396363659358 -1.85815766409341
0.898000000000001 1.39834517571902 0.025866683345656 0.0793419332703927 -1.85866560486281
0.899000000000001 1.39842431962763 0.0240077648265047 0.0789462137273138 -1.85917101226706
0.900000000000001 1.39850306880436 0.0221483421613646 0.0785524678436899 -1.85967389894136
0.901000000000001 1.39858142521792 0.0202884178646741 0.0781606857758533 -1.8601742774579
0.902000000000001 1.39865939082725 0.0184279944383308 0.0777708577292321 -1.86067216032619
0.903000000000001 1.39873696758147 0.0165670743717548 0.0773829739581046 -1.86116755999331
0.904000000000001 1.39881415742002 0.0147056601419491 0.0769970247653564 -1.86166048884428
0.905000000000001 1.39889096227265 0.0128437542135629 0.0766130005022376 -1.86215095920235
0.906000000000001 1.39896738405947 0.010981359038954 0.0762308915681216 -1.8626389833293
0.907000000000001 1.39904342469104 0.00911847705824731 0.0758506884102653 -1.86312457342577
0.908000000000001 1.39911908606838 0.00725511069939855 0.0754723815235697 -1.86360774163153
0.909000000000001 1.39919437008303 0.00539126237825416 0.0750959614503431 -1.8640885000258
0.910000000000001 1.39926927861708 0.00352693449861041 0.074721418780064 -1.86456686062759
0.911000000000001 1.39934381354327 0.00166212945227584 0.0743487441491461 -1.86504283539591
0.912000000000001 1.39941797672495 -0.000203150380870598 0.0739779282407043 -1.86551643623018
